# Freq_MD (cm^-1) Inten_MD (Normalized intensity)
300.0 4.0775e-04
301.0 0.0000e+00
302.0 4.1744e-04
303.0 0.0000e+00
304.0 4.4290e-04
305.0 0.0000e+00
306.0 4.5718e-04
307.0 0.0000e+00
308.0 4.4396e-04
309.0 0.0000e+00
310.0 4.5200e-04
311.0 0.0000e+00
312.0 4.6375e-04
313.0 0.0000e+00
314.0 4.7381e-04
315.0 0.0000e+00
316.0 4.8817e-04
317.0 0.0000e+00
318.0 4.9946e-04
319.0 0.0000e+00
320.0 5.1083e-04
321.0 0.0000e+00
322.0 5.2731e-04
323.0 0.0000e+00
324.0 5.3767e-04
325.0 0.0000e+00
326.0 5.6299e-04
327.0 0.0000e+00
328.0 5.8715e-04
329.0 0.0000e+00
330.0 5.9928e-04
331.0 0.0000e+00
332.0 6.0428e-04
333.0 0.0000e+00
334.0 6.4866e-04
335.0 0.0000e+00
336.0 6.8394e-04
337.0 0.0000e+00
338.0 6.7508e-04
339.0 0.0000e+00
340.0 7.0096e-04
341.0 0.0000e+00
342.0 7.1984e-04
343.0 0.0000e+00
344.0 7.4968e-04
345.0 0.0000e+00
346.0 7.8778e-04
347.0 0.0000e+00
348.0 8.3458e-04
349.0 0.0000e+00
350.0 8.7150e-04
351.0 0.0000e+00
352.0 9.4278e-04
353.0 0.0000e+00
354.0 9.8990e-04
355.0 0.0000e+00
356.0 1.0470e-03
357.0 0.0000e+00
358.0 1.0578e-03
359.0 0.0000e+00
360.0 4.5422e-03
361.0 1.2799e-02
362.0 5.7811e-02
363.0 2.7139e-02
364.0 5.1539e-02
365.0 2.7577e-02
366.0 1.7926e-03
367.0 3.1878e-03
368.0 0.0000e+00
369.0 7.2060e-04
370.0 0.0000e+00
371.0 2.2002e-04
372.0 0.0000e+00
373.0 0.0000e+00
374.0 1.2417e-04
375.0 0.0000e+00
376.0 2.4866e-04
377.0 0.0000e+00
378.0 3.4221e-04
379.0 0.0000e+00
380.0 4.1770e-04
381.0 0.0000e+00
382.0 4.8761e-04
383.0 0.0000e+00
384.0 5.6726e-04
385.0 0.0000e+00
386.0 6.2454e-04
387.0 0.0000e+00
388.0 6.3651e-04
389.0 0.0000e+00
390.0 6.7986e-04
391.0 0.0000e+00
392.0 7.1394e-04
393.0 0.0000e+00
394.0 7.5761e-04
395.0 0.0000e+00
396.0 7.9798e-04
397.0 0.0000e+00
398.0 8.3954e-04
399.0 0.0000e+00
400.0 8.7758e-04
401.0 0.0000e+00
402.0 9.1954e-04
403.0 0.0000e+00
404.0 9.6622e-04
405.0 0.0000e+00
406.0 1.0058e-03
407.0 0.0000e+00
408.0 1.0489e-03
409.0 0.0000e+00
410.0 1.1011e-03
411.0 0.0000e+00
412.0 1.1747e-03
413.0 0.0000e+00
414.0 1.2719e-03
415.0 0.0000e+00
416.0 1.2608e-03
417.0 0.0000e+00
418.0 1.3209e-03
419.0 0.0000e+00
420.0 1.3642e-03
421.0 0.0000e+00
422.0 1.4252e-03
423.0 0.0000e+00
424.0 1.4872e-03
425.0 0.0000e+00
426.0 1.5684e-03
427.0 0.0000e+00
428.0 1.6387e-03
429.0 0.0000e+00
430.0 1.7310e-03
431.0 0.0000e+00
432.0 1.8215e-03
433.0 0.0000e+00
434.0 1.8809e-03
435.0 0.0000e+00
436.0 1.9836e-03
437.0 0.0000e+00
438.0 2.0939e-03
439.0 0.0000e+00
440.0 2.2000e-03
441.0 0.0000e+00
442.0 2.3068e-03
443.0 0.0000e+00
444.0 2.4393e-03
445.0 0.0000e+00
446.0 2.5809e-03
447.0 0.0000e+00
448.0 2.7276e-03
449.0 0.0000e+00
450.0 2.8857e-03
451.0 0.0000e+00
452.0 3.0611e-03
453.0 0.0000e+00
454.0 3.2408e-03
455.0 0.0000e+00
456.0 3.4230e-03
457.0 0.0000e+00
458.0 3.6037e-03
459.0 0.0000e+00
460.0 3.7503e-03
461.0 0.0000e+00
462.0 3.7996e-03
463.0 0.0000e+00
464.0 3.6594e-03
465.0 0.0000e+00
466.0 2.9284e-03
467.0 0.0000e+00
468.0 8.2464e-04
469.0 1.7583e-03
470.0 0.0000e+00
471.0 1.6497e-02
472.0 0.0000e+00
473.0 1.7407e-01
474.0 8.2131e-01
475.0 0.0000e+00
476.0 1.0000e+00
477.0 3.3857e-01
478.0 2.9390e-01
479.0 7.4377e-01
480.0 0.0000e+00
481.0 7.9675e-02
482.0 0.0000e+00
483.0 4.0063e-02
484.0 0.0000e+00
485.0 2.6534e-02
486.0 0.0000e+00
487.0 1.9622e-02
488.0 0.0000e+00
489.0 1.5698e-02
490.0 0.0000e+00
491.0 1.2936e-02
492.0 0.0000e+00
493.0 1.1042e-02
494.0 0.0000e+00
495.0 9.6738e-03
496.0 0.0000e+00
497.0 8.6099e-03
498.0 0.0000e+00
499.0 7.7076e-03
500.0 0.0000e+00
501.0 6.9850e-03
502.0 0.0000e+00
503.0 6.4623e-03
504.0 0.0000e+00
505.0 5.9886e-03
506.0 0.0000e+00
507.0 5.5886e-03
508.0 0.0000e+00
509.0 5.2054e-03
510.0 0.0000e+00
511.0 5.1124e-03
512.0 0.0000e+00
513.0 4.7459e-03
514.0 0.0000e+00
515.0 4.4308e-03
516.0 0.0000e+00
517.0 4.2429e-03
518.0 0.0000e+00
519.0 4.0592e-03
520.0 0.0000e+00
521.0 3.8690e-03
522.0 0.0000e+00
523.0 3.7294e-03
524.0 0.0000e+00
525.0 3.5995e-03
526.0 0.0000e+00
527.0 3.4832e-03
528.0 0.0000e+00
529.0 3.3761e-03
530.0 0.0000e+00
531.0 3.2784e-03
532.0 0.0000e+00
533.0 3.1857e-03
534.0 0.0000e+00
535.0 3.0967e-03
536.0 0.0000e+00
537.0 3.0222e-03
538.0 0.0000e+00
539.0 2.9552e-03
540.0 0.0000e+00
541.0 2.8888e-03
542.0 0.0000e+00
543.0 2.8440e-03
544.0 0.0000e+00
545.0 2.7731e-03
546.0 0.0000e+00
547.0 2.7433e-03
548.0 0.0000e+00
549.0 2.6934e-03
550.0 0.0000e+00
551.0 2.6331e-03
552.0 0.0000e+00
553.0 2.6318e-03
554.0 0.0000e+00
555.0 2.5677e-03
556.0 0.0000e+00
557.0 2.5315e-03
558.0 0.0000e+00
559.0 2.4990e-03
560.0 0.0000e+00
561.0 2.4725e-03
562.0 0.0000e+00
563.0 2.5430e-03
564.0 0.0000e+00
565.0 2.4450e-03
566.0 0.0000e+00
567.0 2.5380e-03
568.0 0.0000e+00
569.0 2.3985e-03
570.0 0.0000e+00
571.0 2.5194e-03
572.0 0.0000e+00
573.0 2.3648e-03
574.0 0.0000e+00
575.0 2.3458e-03
576.0 0.0000e+00
577.1 2.3512e-03
578.1 0.0000e+00
579.1 2.3542e-03
580.1 0.0000e+00
581.1 2.3712e-03
582.1 0.0000e+00
583.1 2.3596e-03
584.1 0.0000e+00
585.1 2.3475e-03
586.1 0.0000e+00
587.1 2.3561e-03
588.1 0.0000e+00
589.1 2.3683e-03
590.1 0.0000e+00
591.1 2.3859e-03
592.1 0.0000e+00
593.1 2.4155e-03
594.1 0.0000e+00
595.1 2.4583e-03
596.1 0.0000e+00
597.1 2.5338e-03
598.1 0.0000e+00
599.1 2.5066e-03
600.1 0.0000e+00
601.1 2.6251e-03
602.1 0.0000e+00
603.1 2.7060e-03
604.1 0.0000e+00
605.1 2.7270e-03
606.1 0.0000e+00
607.1 2.7957e-03
608.1 0.0000e+00
609.1 2.9335e-03
610.1 0.0000e+00
611.1 3.1115e-03
612.1 0.0000e+00
613.1 3.3902e-03
614.1 0.0000e+00
615.1 3.8413e-03
616.1 0.0000e+00
617.1 4.6188e-03
618.1 0.0000e+00
619.1 5.4832e-03
620.1 0.0000e+00
621.1 1.0655e-02
622.1 4.2239e-02
623.1 5.8024e-03
624.1 0.0000e+00
625.1 3.9449e-02
626.1 2.3955e-02
627.1 0.0000e+00
628.1 4.4716e-03
629.1 0.0000e+00
630.1 1.9328e-03
631.1 0.0000e+00
632.1 8.7459e-04
633.1 0.0000e+00
634.1 3.0698e-04
635.1 0.0000e+00
636.1 0.0000e+00
637.1 2.0310e-04
638.1 0.0000e+00
639.1 4.2476e-04
640.1 0.0000e+00
641.1 5.9866e-04
642.1 0.0000e+00
643.1 7.7272e-04
644.1 0.0000e+00
645.1 1.1610e-03
646.1 0.0000e+00
647.1 8.3471e-04
648.1 0.0000e+00
649.1 1.6435e-03
650.1 0.0000e+00
651.1 9.5504e-04
652.1 0.0000e+00
653.1 1.3116e-03
654.1 0.0000e+00
655.1 1.7068e-03
656.1 0.0000e+00
657.1 1.3660e-03
658.1 0.0000e+00
659.1 1.2249e-03
660.1 0.0000e+00
661.1 1.2392e-03
662.1 0.0000e+00
663.1 1.2724e-03
664.1 0.0000e+00
665.1 1.3021e-03
666.1 0.0000e+00
667.1 1.3385e-03
668.1 0.0000e+00
669.1 1.3706e-03
670.1 0.0000e+00
671.1 1.3977e-03
672.1 0.0000e+00
673.1 1.4246e-03
674.1 0.0000e+00
675.1 1.4504e-03
676.1 0.0000e+00
677.1 1.4785e-03
678.1 0.0000e+00
679.1 1.5066e-03
680.1 0.0000e+00
681.1 1.5353e-03
682.1 0.0000e+00
683.1 1.5658e-03
684.1 0.0000e+00
685.1 1.6137e-03
686.1 0.0000e+00
687.1 1.6178e-03
688.1 0.0000e+00
689.1 1.6737e-03
690.1 0.0000e+00
691.1 1.6874e-03
692.1 0.0000e+00
693.1 1.7243e-03
694.1 0.0000e+00
695.1 1.7526e-03
696.1 0.0000e+00
697.1 1.8039e-03
698.1 0.0000e+00
699.1 1.8822e-03
700.1 0.0000e+00
701.1 1.9018e-03
702.1 0.0000e+00
703.1 1.8924e-03
704.1 0.0000e+00
705.1 1.9308e-03
706.1 0.0000e+00
707.1 1.9704e-03
708.1 0.0000e+00
709.1 2.0215e-03
710.1 0.0000e+00
711.1 2.0679e-03
712.1 0.0000e+00
713.1 2.1077e-03
714.1 0.0000e+00
715.1 2.1584e-03
716.1 0.0000e+00
717.1 2.2122e-03
718.1 0.0000e+00
719.1 2.2678e-03
720.1 0.0000e+00
721.1 2.3309e-03
722.1 0.0000e+00
723.1 2.4164e-03
724.1 0.0000e+00
725.1 2.4816e-03
726.1 0.0000e+00
727.1 2.5477e-03
728.1 0.0000e+00
729.1 2.6179e-03
730.1 0.0000e+00
731.1 2.6921e-03
732.1 0.0000e+00
733.1 2.7790e-03
734.1 0.0000e+00
735.1 2.8853e-03
736.1 0.0000e+00
737.1 2.9978e-03
738.1 0.0000e+00
739.1 3.0587e-03
740.1 0.0000e+00
741.1 3.3450e-03
742.1 0.0000e+00
743.1 3.7248e-03
744.1 0.0000e+00
745.1 3.7689e-03
746.1 0.0000e+00
747.1 3.6806e-03
748.1 0.0000e+00
749.1 3.8602e-03
750.1 0.0000e+00
751.1 4.0485e-03
752.1 0.0000e+00
753.1 4.2655e-03
754.1 0.0000e+00
755.1 4.5222e-03
756.1 0.0000e+00
757.1 4.8086e-03
758.1 0.0000e+00
759.1 5.0881e-03
760.1 0.0000e+00
761.1 5.4417e-03
762.1 0.0000e+00
763.1 5.8258e-03
764.1 0.0000e+00
765.1 6.2070e-03
766.1 0.0000e+00
767.1 6.5679e-03
768.1 0.0000e+00
769.1 6.7810e-03
770.1 0.0000e+00
771.1 8.3936e-03
772.1 5.0935e-04
773.1 4.1777e-03
774.1 9.8267e-03
775.1 0.0000e+00
776.1 1.1484e-01
777.1 8.1602e-01
778.1 0.0000e+00
779.1 8.9483e-01
780.1 4.3133e-01
781.1 1.9683e-01
782.1 7.5842e-01
783.1 0.0000e+00
784.1 6.6119e-02
785.1 0.0000e+00
786.1 3.7008e-02
787.1 0.0000e+00
788.1 2.6007e-02
789.1 0.0000e+00
790.1 1.7368e-02
791.1 0.0000e+00
792.1 1.3776e-02
793.1 0.0000e+00
794.1 1.1575e-02
795.1 0.0000e+00
796.1 1.0045e-02
797.1 0.0000e+00
798.1 8.9236e-03
799.1 0.0000e+00
800.1 8.6643e-03
801.1 0.0000e+00
802.1 2.1163e-02
803.1 2.9834e-03
804.1 2.3376e-02
805.1 1.3587e-02
806.1 6.4646e-03
807.1 0.0000e+00
808.1 3.8830e-03
809.1 0.0000e+00
810.1 3.8239e-03
811.1 0.0000e+00
812.1 3.6636e-03
813.1 0.0000e+00
814.1 3.5473e-03
815.1 0.0000e+00
816.1 3.3022e-03
817.1 0.0000e+00
818.1 3.2916e-03
819.1 0.0000e+00
820.1 3.1884e-03
821.1 0.0000e+00
822.1 2.8665e-03
823.1 0.0000e+00
824.1 2.7847e-03
825.1 0.0000e+00
826.1 2.5683e-03
827.1 0.0000e+00
828.1 2.4449e-03
829.1 0.0000e+00
830.1 2.3374e-03
831.1 0.0000e+00
832.1 2.2418e-03
833.1 0.0000e+00
834.1 2.1594e-03
835.1 0.0000e+00
836.1 2.2273e-03
837.1 0.0000e+00
838.1 1.9730e-03
839.1 0.0000e+00
840.1 1.9659e-03
841.1 0.0000e+00
842.1 2.0558e-03
843.1 0.0000e+00
844.1 1.8031e-03
845.1 0.0000e+00
846.1 1.7204e-03
847.1 0.0000e+00
848.1 1.7353e-03
849.1 0.0000e+00
850.1 1.7093e-03
851.1 0.0000e+00
852.1 1.5554e-03
853.1 0.0000e+00
854.1 1.5008e-03
855.1 0.0000e+00
856.1 1.4505e-03
857.1 0.0000e+00
858.1 1.3982e-03
859.1 0.0000e+00
860.1 1.3480e-03
861.1 0.0000e+00
862.1 1.2784e-03
863.1 0.0000e+00
864.1 1.9539e-03
865.1 0.0000e+00
866.1 1.2297e-03
867.1 0.0000e+00
868.1 1.5906e-03
869.1 0.0000e+00
870.1 1.3224e-03
871.1 0.0000e+00
872.1 1.2571e-03
873.1 0.0000e+00
874.1 1.2189e-03
875.1 0.0000e+00
876.1 1.2261e-03
877.1 0.0000e+00
878.1 1.1517e-03
879.1 0.0000e+00
880.1 1.2657e-03
881.1 0.0000e+00
882.1 1.2395e-03
883.1 0.0000e+00
884.1 1.1902e-03
885.1 0.0000e+00
886.1 1.0548e-03
887.1 0.0000e+00
888.1 1.0506e-03
889.1 0.0000e+00
890.1 1.0281e-03
891.1 0.0000e+00
892.1 1.0151e-03
893.1 0.0000e+00
894.1 9.9831e-04
895.1 0.0000e+00
896.1 9.8648e-04
897.1 0.0000e+00
898.1 9.7623e-04
899.1 0.0000e+00
900.1 9.6399e-04
901.1 0.0000e+00
902.1 9.5455e-04
903.1 0.0000e+00
904.1 9.4193e-04
905.1 0.0000e+00
906.1 9.3320e-04
907.1 0.0000e+00
908.1 9.3583e-04
909.1 0.0000e+00
910.1 9.2115e-04
911.1 0.0000e+00
912.1 9.9244e-04
913.1 0.0000e+00
914.1 8.7682e-04
915.1 0.0000e+00
916.1 9.9100e-04
917.1 0.0000e+00
918.1 8.7287e-04
919.1 0.0000e+00
920.1 8.6737e-04
921.1 0.0000e+00
922.1 8.5906e-04
923.1 0.0000e+00
924.1 8.5041e-04
925.1 0.0000e+00
926.1 8.4206e-04
927.1 0.0000e+00
928.1 8.3747e-04
929.1 0.0000e+00
930.1 8.0448e-04
931.1 0.0000e+00
932.1 7.8762e-04
933.1 0.0000e+00
934.1 7.2024e-04
935.1 0.0000e+00
936.1 7.0809e-04
937.1 0.0000e+00
938.1 5.0438e-04
939.1 0.0000e+00
940.1 3.0450e-04
941.1 0.0000e+00
942.1 0.0000e+00
943.1 3.8623e-04
944.1 0.0000e+00
945.1 1.4243e-03
946.1 0.0000e+00
947.1 3.8513e-03
948.1 0.0000e+00
949.1 1.1730e-02
950.1 0.0000e+00
951.1 9.6575e-02
952.1 2.1619e-01
953.1 0.0000e+00
954.1 3.2452e-01
955.1 4.9126e-02
956.1 1.4229e-01
957.1 1.9075e-01
958.1 0.0000e+00
959.1 2.4369e-02
960.1 0.0000e+00
961.1 1.1565e-02
962.1 0.0000e+00
963.1 7.0094e-03
964.1 0.0000e+00
965.1 4.8410e-03
966.1 0.0000e+00
967.1 3.6462e-03
968.1 0.0000e+00
969.1 2.8834e-03
970.1 0.0000e+00
971.1 2.3697e-03
972.1 0.0000e+00
973.1 1.9892e-03
974.1 0.0000e+00
975.1 1.7433e-03
976.1 0.0000e+00
977.1 1.5242e-03
978.1 0.0000e+00
979.1 1.3257e-03
980.1 0.0000e+00
981.1 1.1894e-03
982.1 0.0000e+00
983.1 1.0840e-03
984.1 0.0000e+00
985.1 1.0054e-03
986.1 0.0000e+00
987.1 9.5197e-04
988.1 0.0000e+00
989.1 1.0070e-03
990.1 0.0000e+00
991.1 9.5444e-04
992.1 0.0000e+00
993.1 9.9194e-04
994.1 0.0000e+00
995.1 1.0729e-03
996.1 0.0000e+00
997.1 1.0795e-03
998.1 0.0000e+00
999.1 1.3608e-03
1000.1 0.0000e+00
1001.1 2.1169e-03
1002.1 0.0000e+00
1003.1 5.1006e-03
1004.1 0.0000e+00
1005.1 8.9262e-02
1006.1 3.7176e-02
1007.1 0.0000e+00
1008.1 4.6196e-02
1009.1 8.0894e-02
1010.1 1.1124e-02
1011.1 1.4477e-02
1012.1 0.0000e+00
1013.1 1.9271e-02
1014.1 1.2895e-02
1015.1 2.6930e-04
1016.1 0.0000e+00
1017.1 6.2757e-04
1018.1 0.0000e+00
1019.1 7.3318e-04
1020.1 0.0000e+00
1021.1 7.0136e-04
1022.1 0.0000e+00
1023.1 6.7485e-04
1024.1 0.0000e+00
1025.1 6.4652e-04
1026.1 0.0000e+00
1027.1 6.1577e-04
1028.1 0.0000e+00
1029.1 5.9372e-04
1030.1 0.0000e+00
1031.1 5.7317e-04
1032.1 0.0000e+00
1033.1 5.6227e-04
1034.1 0.0000e+00
1035.1 5.4916e-04
1036.1 0.0000e+00
1037.1 5.4164e-04
1038.1 0.0000e+00
1039.1 5.3518e-04
1040.1 0.0000e+00
1041.1 5.3101e-04
1042.1 0.0000e+00
1043.1 5.2765e-04
1044.1 0.0000e+00
1045.1 5.2623e-04
1046.1 0.0000e+00
1047.1 5.2610e-04
1048.1 0.0000e+00
1049.1 5.2705e-04
1050.1 0.0000e+00
1051.1 5.3010e-04
1052.1 0.0000e+00
1053.1 5.3291e-04
1054.1 0.0000e+00
1055.1 5.3695e-04
1056.1 0.0000e+00
1057.1 5.4148e-04
1058.1 0.0000e+00
1059.1 5.4809e-04
1060.1 0.0000e+00
1061.1 5.5462e-04
1062.1 0.0000e+00
1063.1 5.6285e-04
1064.1 0.0000e+00
1065.1 5.7272e-04
1066.1 0.0000e+00
1067.1 5.8782e-04
1068.1 0.0000e+00
1069.1 5.9887e-04
1070.1 0.0000e+00
1071.1 6.0723e-04
1072.1 0.0000e+00
1073.1 6.2725e-04
1074.1 0.0000e+00
1075.1 6.4071e-04
1076.1 0.0000e+00
1077.1 6.5534e-04
1078.1 0.0000e+00
1079.1 6.7837e-04
1080.1 0.0000e+00
1081.1 7.1553e-04
1082.1 0.0000e+00
1083.1 6.9770e-04
1084.1 0.0000e+00
1085.1 7.5065e-04
1086.1 0.0000e+00
1087.1 7.5729e-04
1088.1 0.0000e+00
1089.1 7.8429e-04
1090.1 0.0000e+00
1091.1 8.0472e-04
1092.1 0.0000e+00
1093.1 8.3293e-04
1094.1 0.0000e+00
1095.1 8.6770e-04
1096.1 0.0000e+00
1097.1 9.4058e-04
1098.1 0.0000e+00
1099.1 1.0209e-03
1100.1 0.0000e+00
1101.1 1.0764e-03
1102.1 0.0000e+00
1103.1 1.0671e-03
1104.1 0.0000e+00
1105.1 1.1117e-03
1106.1 0.0000e+00
1107.1 1.1519e-03
1108.1 0.0000e+00
1109.1 1.2572e-03
1110.1 0.0000e+00
1111.1 1.4282e-03
1112.1 0.0000e+00
1113.1 1.5002e-03
1114.1 0.0000e+00
1115.1 1.5207e-03
1116.1 0.0000e+00
1117.1 1.7108e-03
1118.1 0.0000e+00
1119.1 1.7619e-03
1120.1 0.0000e+00
1121.1 2.0379e-03
1122.1 0.0000e+00
1123.1 2.2198e-03
1124.1 0.0000e+00
1125.1 2.5331e-03
1126.1 0.0000e+00
1127.1 2.9941e-03
1128.1 0.0000e+00
1129.1 3.7082e-03
1130.1 0.0000e+00
1131.1 5.0212e-03
1132.1 0.0000e+00
1133.1 1.2346e-02
1134.1 1.9751e-03
1135.1 8.5385e-02
1136.1 7.6813e-02
1137.1 6.8890e-02
1138.1 9.4069e-02
1139.1 7.5185e-03
1140.1 9.9812e-03
1141.1 0.0000e+00
1142.1 2.9532e-03
1143.1 0.0000e+00
1144.1 1.6592e-03
1145.1 0.0000e+00
1146.1 9.4413e-04
1147.1 0.0000e+00
1148.1 4.0037e-04
1149.1 0.0000e+00
1150.1 0.0000e+00
1151.1 3.8149e-04
1152.1 0.0000e+00
1153.1 9.2415e-04
1154.1 0.0000e+00
1155.1 1.6209e-03
1156.1 0.0000e+00
1157.1 2.6771e-03
1158.1 0.0000e+00
1159.1 4.7903e-03
1160.1 0.0000e+00
1161.1 1.6168e-02
1162.1 5.1141e-02
1163.1 2.0251e-05
1164.1 0.0000e+00
1165.1 4.8719e-02
1166.1 2.4792e-02
1167.1 0.0000e+00
1168.1 7.9467e-03
1169.1 0.0000e+00
1170.1 5.5781e-03
1171.1 0.0000e+00
1172.1 3.5783e-03
1173.1 0.0000e+00
1174.1 3.0132e-03
1175.1 0.0000e+00
1176.1 2.5920e-03
1177.1 0.0000e+00
1178.1 2.2872e-03
1179.1 0.0000e+00
1180.1 2.0462e-03
1181.1 0.0000e+00
1182.1 1.8610e-03
1183.1 0.0000e+00
1184.1 1.7115e-03
1185.1 0.0000e+00
1186.1 1.5870e-03
1187.1 0.0000e+00
1188.1 1.4873e-03
1189.1 0.0000e+00
1190.1 1.3992e-03
1191.1 0.0000e+00
1192.1 1.3226e-03
1193.1 0.0000e+00
1194.1 1.2599e-03
1195.1 0.0000e+00
1196.1 1.2093e-03
1197.1 0.0000e+00
1198.1 1.1700e-03
1199.1 0.0000e+00
1200.1 1.1477e-03
1201.1 0.0000e+00
1202.1 1.1653e-03
1203.1 0.0000e+00
1204.1 1.4787e-03
1205.1 4.1113e-04
1206.1 1.0133e-03
1207.1 0.0000e+00
1208.1 2.4090e-03
1209.1 3.9727e-04
1210.1 6.0674e-04
1211.1 0.0000e+00
1212.1 1.2336e-03
1213.1 0.0000e+00
1214.1 5.7022e-04
1215.1 0.0000e+00
1216.1 6.1906e-04
1217.1 0.0000e+00
1218.1 6.2653e-04
1219.1 0.0000e+00
1220.1 6.2087e-04
1221.1 0.0000e+00
1222.1 6.3836e-04
1223.1 0.0000e+00
1224.1 7.0699e-04
1225.1 8.2997e-05
1226.1 1.3006e-03
1227.1 0.0000e+00
1228.1 1.2025e-03
1229.1 0.0000e+00
1230.1 8.4350e-04
1231.1 0.0000e+00
1232.1 5.8280e-04
1233.1 0.0000e+00
1234.1 5.6054e-04
1235.1 0.0000e+00
1236.1 5.4672e-04
1237.1 0.0000e+00
1238.1 5.3464e-04
1239.1 0.0000e+00
1240.1 5.2431e-04
1241.1 0.0000e+00
1242.1 5.1536e-04
1243.1 0.0000e+00
1244.1 5.0601e-04
1245.1 0.0000e+00
1246.1 4.9656e-04
1247.1 0.0000e+00
1248.1 4.9363e-04
1249.1 0.0000e+00
1250.1 4.8735e-04
1251.1 0.0000e+00
1252.1 4.8230e-04
1253.1 0.0000e+00
1254.1 4.7783e-04
1255.1 0.0000e+00
1256.1 4.8540e-04
1257.1 0.0000e+00
1258.1 5.1182e-04
1259.1 0.0000e+00
1260.1 6.2599e-04
1261.1 0.0000e+00
1262.1 1.5948e-03
1263.1 6.9064e-04
1264.1 1.4002e-03
1265.1 9.6110e-04
1266.1 1.0361e-03
1267.1 6.4368e-04
1268.1 5.5981e-03
1269.1 1.6063e-02
1270.1 9.5640e-03
1271.1 1.5178e-02
1272.1 7.0644e-03
1273.1 5.1628e-04
1274.1 1.2442e-03
1275.1 0.0000e+00
1276.1 5.5653e-04
1277.1 0.0000e+00
1278.1 4.5106e-04
1279.1 0.0000e+00
1280.1 4.0797e-04
1281.1 0.0000e+00
1282.1 4.0892e-04
1283.1 0.0000e+00
1284.1 3.7516e-04
1285.1 0.0000e+00
1286.1 3.6615e-04
1287.1 0.0000e+00
1288.1 3.7120e-04
1289.1 0.0000e+00
1290.1 3.4990e-04
1291.1 0.0000e+00
1292.1 3.3024e-04
1293.1 0.0000e+00
1294.1 3.2492e-04
1295.1 0.0000e+00
1296.1 3.2604e-04
1297.1 0.0000e+00
1298.1 3.2333e-04
1299.1 0.0000e+00
1300.1 3.0790e-04
1301.1 0.0000e+00
1302.1 3.0394e-04
1303.1 0.0000e+00
1304.1 2.9947e-04
1305.1 0.0000e+00
1306.1 2.9771e-04
1307.1 0.0000e+00
1308.1 3.0082e-04
1309.1 0.0000e+00
1310.1 2.9978e-04
1311.1 0.0000e+00
1312.1 2.7935e-04
1313.1 0.0000e+00
1314.1 2.7681e-04
1315.1 0.0000e+00
1316.1 2.6975e-04
1317.1 0.0000e+00
1318.1 3.0062e-04
1319.1 0.0000e+00
1320.1 3.3424e-04
1321.1 0.0000e+00
1322.1 2.3999e-04
1323.1 0.0000e+00
1324.1 2.4741e-04
1325.1 0.0000e+00
1326.1 2.4649e-04
1327.1 0.0000e+00
1328.1 2.4437e-04
1329.1 0.0000e+00
1330.1 2.4232e-04
1331.1 0.0000e+00
1332.1 2.4356e-04
1333.1 0.0000e+00
1334.1 2.3398e-04
1335.1 0.0000e+00
1336.1 2.2477e-04
1337.1 0.0000e+00
1338.1 2.1502e-04
1339.1 0.0000e+00
1340.1 1.8920e-04
1341.1 0.0000e+00
1342.1 4.5323e-04
1343.1 0.0000e+00
1344.1 2.3529e-04
1345.1 0.0000e+00
1346.1 3.0489e-04
1347.1 0.0000e+00
1348.1 2.5546e-04
1349.1 0.0000e+00
1350.1 2.4360e-04
1351.1 0.0000e+00
1352.1 2.3247e-04
1353.1 0.0000e+00
1354.1 2.2428e-04
1355.1 0.0000e+00
1356.1 2.2143e-04
1357.1 0.0000e+00
1358.1 2.5634e-04
1359.1 1.4554e-04
1360.1 5.8492e-04
1361.1 8.4422e-05
1362.1 1.6617e-03
1363.1 1.7014e-04
1364.1 1.4397e-04
1365.1 4.1645e-04
1366.1 1.0870e-03
1367.1 0.0000e+00
1368.1 3.3064e-04
1369.1 0.0000e+00
1370.1 4.3218e-04
1371.1 0.0000e+00
1372.1 2.6933e-04
1373.1 0.0000e+00
1374.1 3.4869e-04
1375.1 0.0000e+00
1376.1 3.0652e-04
1377.1 0.0000e+00
1378.1 3.4927e-04
1379.1 0.0000e+00
1380.1 8.9873e-04
1381.1 1.8822e-03
1382.1 1.5498e-03
1383.1 1.6184e-03
1384.1 1.5885e-03
1385.1 0.0000e+00
1386.1 6.0747e-04
1387.1 0.0000e+00
1388.1 5.6829e-04
1389.1 0.0000e+00
1390.1 6.6515e-04
1391.1 0.0000e+00
1392.1 2.8753e-03
1393.1 5.7547e-03
1394.1 3.5807e-02
1395.1 3.1878e-02
1396.1 3.0714e-02
1397.1 2.7256e-02
1398.1 6.1494e-03
1399.1 3.7883e-03
1400.1 7.2336e-06
1401.1 5.4807e-04
1402.1 0.0000e+00
1403.1 2.7346e-04
1404.1 0.0000e+00
1405.1 1.9390e-04
1406.1 0.0000e+00
1407.1 1.5288e-04
1408.1 0.0000e+00
1409.1 1.2212e-04
1410.1 0.0000e+00
1411.1 1.0465e-04
1412.1 0.0000e+00
1413.1 1.0638e-04
1414.1 0.0000e+00
1415.1 6.9665e-05
1416.1 0.0000e+00
1417.1 9.5436e-05
1418.1 0.0000e+00
1419.1 6.2848e-05
1420.1 0.0000e+00
1421.1 6.1513e-05
1422.1 0.0000e+00
1423.1 5.7984e-05
1424.1 0.0000e+00
1425.1 6.3103e-05
1426.1 0.0000e+00
1427.1 6.4913e-05
1428.1 0.0000e+00
1429.1 6.9246e-05
1430.1 0.0000e+00
1431.1 8.8800e-05
1432.1 0.0000e+00
1433.1 1.0901e-04
1434.1 0.0000e+00
1435.1 2.7500e-04
1436.1 1.3350e-04
1437.1 9.6807e-04
1438.1 5.9127e-04
1439.1 1.0142e-03
1440.1 8.0037e-04
1441.1 1.5257e-04
1442.1 5.3995e-05
1443.1 6.7763e-05
1444.1 0.0000e+00
1445.1 6.5143e-05
1446.1 0.0000e+00
1447.1 8.3501e-05
1448.1 0.0000e+00
1449.1 1.1030e-04
1450.1 0.0000e+00
1451.1 1.6229e-04
1452.1 0.0000e+00
1453.1 7.0936e-04
1454.1 8.9200e-04
1455.1 2.8143e-05
1456.1 9.9621e-05
1457.1 1.1704e-03
1458.1 2.6341e-04
1459.1 0.0000e+00
1460.1 1.6059e-05
1461.1 1.1980e-05
1462.1 0.0000e+00
1463.1 3.9717e-05
1464.1 0.0000e+00
1465.1 5.7817e-05
1466.1 0.0000e+00
1467.1 8.1712e-05
1468.1 0.0000e+00
1469.1 8.7107e-05
1470.1 0.0000e+00
1471.1 1.4681e-04
1472.1 0.0000e+00
1473.1 1.8371e-04
1474.1 0.0000e+00
1475.1 1.4592e-04
1476.1 0.0000e+00
1477.1 1.5474e-04
1478.1 0.0000e+00
1479.1 1.7160e-04
1480.1 0.0000e+00
1481.1 1.8647e-04
1482.1 0.0000e+00
1483.1 2.0629e-04
1484.1 0.0000e+00
1485.1 2.2571e-04
1486.1 0.0000e+00
1487.1 2.5361e-04
1488.1 0.0000e+00
1489.1 2.7912e-04
1490.1 0.0000e+00
1491.1 3.0685e-04
1492.1 0.0000e+00
1493.1 3.4173e-04
1494.1 0.0000e+00
1495.1 3.7728e-04
1496.1 0.0000e+00
1497.1 4.2387e-04
1498.1 0.0000e+00
1499.1 4.7619e-04
1500.1 0.0000e+00
1501.1 5.5518e-04
1502.1 0.0000e+00
1503.1 9.4625e-04
1504.1 0.0000e+00
1505.1 7.6199e-04
1506.1 0.0000e+00
1507.1 1.0751e-03
1508.1 0.0000e+00
1509.1 1.1156e-03
1510.1 0.0000e+00
1511.1 1.3976e-03
1512.1 0.0000e+00
1513.1 1.7253e-03
1514.1 0.0000e+00
1515.1 2.5532e-03
1516.1 0.0000e+00
1517.1 3.7559e-03
1518.1 0.0000e+00
1519.1 7.7557e-03
1520.1 0.0000e+00
1521.1 6.3613e-02
1522.1 5.6863e-02
1523.1 0.0000e+00
1524.1 3.0459e-02
1525.1 7.3657e-02
1526.1 9.4214e-02
1527.1 5.6419e-02
1528.1 0.0000e+00
1529.1 4.5089e-02
1530.1 9.4360e-02
1531.1 6.3991e-04
1532.1 4.1703e-03
1533.1 0.0000e+00
1534.1 2.0095e-03
1535.1 0.0000e+00
1536.1 1.4594e-03
1537.1 0.0000e+00
1538.1 1.3805e-03
1539.1 0.0000e+00
1540.1 1.0883e-03
1541.1 0.0000e+00
1542.1 1.0469e-03
1543.1 0.0000e+00
1544.1 7.4204e-04
1545.1 0.0000e+00
1546.1 6.7647e-04
1547.1 0.0000e+00
1548.1 6.3962e-04
1549.1 0.0000e+00
1550.1 6.7638e-04
1551.1 0.0000e+00
1552.1 6.1323e-04
1553.1 0.0000e+00
1554.1 5.3325e-04
1555.1 0.0000e+00
1556.1 4.9540e-04
1557.1 0.0000e+00
1558.1 4.7946e-04
1559.1 0.0000e+00
1560.1 4.5326e-04
1561.1 0.0000e+00
1562.1 4.2766e-04
1563.1 0.0000e+00
1564.1 4.7736e-04
1565.1 0.0000e+00
1566.1 5.2390e-04
1567.1 0.0000e+00
1568.1 6.1682e-04
1569.1 0.0000e+00
1570.1 5.9819e-04
1571.1 0.0000e+00
1572.1 4.0284e-04
1573.1 0.0000e+00
1574.1 3.5372e-04
1575.1 0.0000e+00
1576.1 3.3558e-04
1577.1 0.0000e+00
1578.1 3.3618e-04
1579.1 0.0000e+00
1580.1 3.4857e-04
1581.1 0.0000e+00
1582.1 3.5669e-04
1583.1 0.0000e+00
1584.1 3.2948e-04
1585.1 0.0000e+00
1586.1 3.1105e-04
1587.1 0.0000e+00
1588.1 2.9341e-04
1589.1 0.0000e+00
1590.1 3.5609e-04
1591.1 0.0000e+00
1592.1 3.4032e-04
1593.1 0.0000e+00
1594.1 3.9634e-04
1595.1 0.0000e+00
1596.1 2.6215e-04
1597.1 0.0000e+00
1598.1 2.4215e-04
1599.1 0.0000e+00
1600.1 2.3707e-04
1601.1 0.0000e+00
1602.1 2.4244e-04
1603.1 0.0000e+00
1604.1 1.9978e-04
1605.1 0.0000e+00
1606.1 2.7837e-04
1607.1 0.0000e+00
1608.1 3.2526e-04
1609.1 1.4541e-04
1610.1 6.1584e-04
1611.1 1.4748e-03
1612.1 5.9243e-03
1613.1 2.0672e-02
1614.1 3.4772e-02
1615.1 4.7206e-02
1616.1 3.7015e-02
1617.1 2.6916e-02
1618.1 1.0040e-02
1619.1 2.2615e-03
1620.1 1.9124e-03
1621.1 0.0000e+00
1622.1 6.8846e-04
1623.1 0.0000e+00
1624.1 7.1046e-04
1625.1 0.0000e+00
1626.1 7.4689e-04
1627.1 3.5443e-04
1628.1 8.7192e-04
1629.1 0.0000e+00
1630.1 5.5018e-04
1631.1 0.0000e+00
1632.1 3.6824e-04
1633.1 0.0000e+00
1634.1 3.2837e-04
1635.1 0.0000e+00
1636.1 3.0976e-04
1637.1 0.0000e+00
1638.1 3.0011e-04
1639.1 0.0000e+00
1640.1 2.9332e-04
1641.1 0.0000e+00
1642.1 2.8468e-04
1643.1 0.0000e+00
1644.1 2.8921e-04
1645.1 0.0000e+00
1646.1 2.7806e-04
1647.1 0.0000e+00
1648.1 2.7015e-04
1649.1 0.0000e+00
1650.1 2.6579e-04
1651.1 0.0000e+00
1652.1 2.8510e-04
1653.1 0.0000e+00
1654.1 3.5922e-04
1655.1 0.0000e+00
1656.1 3.7131e-04
1657.1 1.0526e-04
1658.1 4.0202e-04
1659.1 0.0000e+00
1660.1 3.3039e-04
1661.1 0.0000e+00
1662.1 2.4576e-04
1663.1 0.0000e+00
1664.1 2.4486e-04
1665.1 0.0000e+00
1666.1 2.5343e-04
1667.1 0.0000e+00
1668.1 4.3410e-04
1669.1 0.0000e+00
1670.1 4.0960e-04
1671.1 0.0000e+00
1672.1 2.3007e-04
1673.1 0.0000e+00
1674.1 2.4511e-04
1675.1 0.0000e+00
1676.1 2.2842e-04
1677.1 0.0000e+00
1678.1 3.5568e-04
1679.1 0.0000e+00
1680.1 2.1927e-04
1681.1 0.0000e+00
1682.1 3.9289e-04
1683.1 0.0000e+00
1684.1 2.8473e-04
1685.1 0.0000e+00
1686.1 6.2829e-04
1687.1 3.8894e-04
1688.1 1.3867e-04
1689.1 0.0000e+00
1690.1 8.4042e-04
1691.1 0.0000e+00
1692.1 1.2317e-04
1693.1 0.0000e+00
1694.1 1.5110e-04
1695.1 0.0000e+00
1696.1 1.6617e-04
1697.1 0.0000e+00
1698.1 1.7099e-04
1699.1 0.0000e+00
1700.1 1.9244e-04
1701.1 0.0000e+00
1702.1 2.0941e-04
1703.1 0.0000e+00
1704.1 2.3299e-04
1705.1 0.0000e+00
1706.1 2.0553e-04
1707.1 0.0000e+00
1708.1 2.0037e-04
1709.1 0.0000e+00
1710.1 1.9465e-04
1711.1 0.0000e+00
1712.1 1.9977e-04
1713.1 0.0000e+00
1714.1 2.1084e-04
1715.1 0.0000e+00
1716.1 4.2621e-04
1717.1 8.6344e-05
1718.1 8.4592e-05
1719.1 0.0000e+00
1720.1 6.0960e-04
1721.1 0.0000e+00
1722.1 2.2676e-04
1723.1 8.9559e-05
1724.1 1.9477e-04
1725.1 0.0000e+00
1726.1 3.1653e-04
1727.1 0.0000e+00
1728.1 1.3408e-04
1729.1 0.0000e+00
1730.1 1.3828e-04
1731.2 0.0000e+00
1732.2 1.4409e-04
1733.2 0.0000e+00
1734.2 1.4571e-04
1735.2 0.0000e+00
1736.2 1.4611e-04
1737.2 0.0000e+00
1738.2 1.4810e-04
1739.2 0.0000e+00
1740.2 1.4770e-04
1741.2 0.0000e+00
1742.2 1.5169e-04
1743.2 0.0000e+00
1744.2 1.5275e-04
1745.2 0.0000e+00
1746.2 1.4878e-04
1747.2 0.0000e+00
1748.2 1.5299e-04
1749.2 0.0000e+00
1750.2 1.5742e-04
1751.2 0.0000e+00
1752.2 1.4544e-04
1753.2 0.0000e+00
1754.2 1.4519e-04
1755.2 0.0000e+00
1756.2 1.4651e-04
1757.2 0.0000e+00
1758.2 1.4591e-04
1759.2 0.0000e+00
1760.2 1.4584e-04
1761.2 0.0000e+00
1762.2 1.4659e-04
1763.2 0.0000e+00
1764.2 1.4769e-04
1765.2 0.0000e+00
1766.2 1.4746e-04
1767.2 0.0000e+00
1768.2 1.6687e-04
1769.2 0.0000e+00
1770.2 2.1480e-04
1771.2 0.0000e+00
1772.2 4.9886e-04
1773.2 1.2093e-04
1774.2 4.3973e-04
1775.2 2.0439e-04
1776.2 1.4236e-04
1777.2 0.0000e+00
1778.2 1.1741e-04
1779.2 0.0000e+00
1780.2 1.2831e-04
1781.2 0.0000e+00
1782.2 1.3400e-04
1783.2 0.0000e+00
1784.2 1.3267e-04
1785.2 0.0000e+00
1786.2 1.3941e-04
1787.2 0.0000e+00
1788.2 1.3923e-04
1789.2 0.0000e+00
1790.2 1.3277e-04
1791.2 0.0000e+00
1792.2 1.6309e-04
1793.2 0.0000e+00
1794.2 1.5783e-04
1795.2 0.0000e+00
1796.2 1.3653e-04
1797.2 0.0000e+00
1798.2 1.1120e-04
1799.2 4.4520e-04
1800.2 3.1319e-04
1801.2 0.0000e+00
1802.2 4.5404e-04
1803.2 3.0158e-04
1804.2 3.0375e-05
1805.2 0.0000e+00
1806.2 8.2372e-05
1807.2 0.0000e+00
1808.2 9.4907e-05
1809.2 0.0000e+00
1810.2 1.0008e-04
1811.2 0.0000e+00
1812.2 1.1375e-04
1813.2 0.0000e+00
1814.2 1.1641e-04
1815.2 0.0000e+00
1816.2 1.1630e-04
1817.2 0.0000e+00
1818.2 1.0614e-04
1819.2 0.0000e+00
1820.2 1.0908e-04
1821.2 0.0000e+00
1822.2 1.2740e-04
1823.2 0.0000e+00
1824.2 1.4791e-04
1825.2 0.0000e+00
1826.2 2.2395e-04
1827.2 5.2254e-05
1828.2 2.0011e-04
1829.2 2.4105e-05
1830.2 1.3146e-04
1831.2 0.0000e+00
1832.2 1.0811e-04
1833.2 0.0000e+00
1834.2 1.0812e-04
1835.2 0.0000e+00
1836.2 1.0382e-04
1837.2 0.0000e+00
1838.2 1.0475e-04
1839.2 0.0000e+00
1840.2 1.5895e-04
1841.2 5.4386e-05
1842.2 8.8895e-04
1843.2 2.5026e-03
1844.2 1.4917e-03
1845.2 2.6622e-03
1846.2 1.2650e-03
1847.2 0.0000e+00
1848.2 2.2167e-04
1849.2 0.0000e+00
1850.2 1.3021e-04
1851.2 0.0000e+00
1852.2 1.0973e-04
1853.2 0.0000e+00
1854.2 1.0110e-04
1855.2 0.0000e+00
1856.2 9.2631e-05
1857.2 0.0000e+00
1858.2 7.7325e-05
1859.2 4.3112e-05
1860.2 1.7990e-04
1861.2 0.0000e+00
1862.2 1.6158e-04
1863.2 7.1794e-05
1864.2 8.8587e-05
1865.2 0.0000e+00
1866.2 8.7529e-05
1867.2 0.0000e+00
1868.2 8.4373e-05
1869.2 0.0000e+00
1870.2 8.1279e-05
1871.2 0.0000e+00
1872.2 7.9041e-05
1873.2 0.0000e+00
1874.2 7.4768e-05
1875.2 0.0000e+00
1876.2 7.0567e-05
1877.2 0.0000e+00
1878.2 6.9596e-05
1879.2 0.0000e+00
1880.2 6.1216e-05
1881.2 0.0000e+00
1882.2 7.4282e-05
1883.2 1.2660e-04
1884.2 2.2486e-04
1885.2 1.0216e-04
1886.2 2.8165e-04
1887.2 6.3522e-05
1888.2 1.7285e-05
1889.2 1.3489e-04
1890.2 0.0000e+00
1891.2 1.8883e-03
1892.2 1.3014e-03
1893.2 0.0000e+00
1894.2 9.7733e-04
1895.2 2.0357e-03
1896.2 0.0000e+00
1897.2 1.3421e-05
1898.2 3.2396e-05
1899.2 0.0000e+00
1900.2 5.4094e-05
1901.2 0.0000e+00
1902.2 5.7597e-05
1903.2 0.0000e+00
1904.2 6.1149e-05
1905.2 0.0000e+00
1906.2 7.5473e-05
1907.2 6.9548e-07
1908.2 1.6216e-04
1909.2 2.9127e-04
1910.2 2.1272e-04
1911.2 2.8121e-04
1912.2 2.4982e-04
1913.2 1.8520e-04
1914.2 1.8683e-04
1915.2 1.8427e-04
1916.2 2.0459e-04
1917.2 4.1602e-04
1918.2 3.4441e-04
1919.2 2.2925e-03
1920.2 1.4796e-03
1921.2 1.9682e-03
1922.2 2.0919e-03
1923.2 1.6636e-05
1924.2 2.9794e-04
1925.2 0.0000e+00
1926.2 1.3263e-04
1927.2 0.0000e+00
1928.2 7.7562e-05
1929.2 0.0000e+00
1930.2 5.3731e-05
1931.2 4.1418e-05
1932.2 0.0000e+00
1933.2 1.7538e-04
1934.2 0.0000e+00
1935.2 1.0331e-03
1936.2 2.5466e-03
1937.2 0.0000e+00
1938.2 1.9960e-04
1939.2 2.3590e-03
1940.2 1.1141e-03
1941.2 0.0000e+00
1942.2 3.8150e-04
1943.2 0.0000e+00
1944.2 3.5504e-04
1945.2 0.0000e+00
1946.2 3.0045e-04
1947.2 0.0000e+00
1948.2 2.1104e-04
1949.2 0.0000e+00
1950.2 2.1175e-04
1951.2 0.0000e+00
1952.2 1.9551e-04
1953.2 0.0000e+00
1954.2 2.1209e-04
1955.2 0.0000e+00
1956.2 1.8187e-04
1957.2 0.0000e+00
1958.2 1.9055e-04
1959.2 0.0000e+00
1960.2 1.6734e-04
1961.2 0.0000e+00
1962.2 1.5962e-04
1963.2 0.0000e+00
1964.2 1.5446e-04
1965.2 0.0000e+00
1966.2 1.5136e-04
1967.2 0.0000e+00
1968.2 1.4867e-04
1969.2 0.0000e+00
1970.2 1.5321e-04
1971.2 0.0000e+00
1972.2 1.4163e-04
1973.2 0.0000e+00
1974.2 1.4889e-04
1975.2 0.0000e+00
1976.2 1.5054e-04
1977.2 0.0000e+00
1978.2 1.4030e-04
1979.2 0.0000e+00
1980.2 1.3681e-04
1981.2 0.0000e+00
1982.2 1.3192e-04
1983.2 0.0000e+00
1984.2 1.3188e-04
1985.2 0.0000e+00
1986.2 1.2913e-04
1987.2 0.0000e+00
1988.2 1.2778e-04
1989.2 0.0000e+00
1990.2 1.2636e-04
1991.2 0.0000e+00
1992.2 1.2512e-04
1993.2 0.0000e+00
1994.2 1.2399e-04
1995.2 0.0000e+00
1996.2 1.2306e-04
1997.2 0.0000e+00
1998.2 1.2167e-04
1999.2 0.0000e+00
2000.2 1.2232e-04
2001.2 0.0000e+00
2002.2 1.2107e-04
2003.2 0.0000e+00
2004.2 1.2058e-04
2005.2 0.0000e+00
2006.2 1.1833e-04
2007.2 0.0000e+00
2008.2 1.1995e-04
2009.2 0.0000e+00
2010.2 1.1822e-04
2011.2 0.0000e+00
2012.2 1.1881e-04
2013.2 0.0000e+00
2014.2 1.1672e-04
2015.2 0.0000e+00
2016.2 1.2060e-04
2017.2 0.0000e+00
2018.2 1.2689e-04
2019.2 0.0000e+00
2020.2 1.2425e-04
2021.2 0.0000e+00
2022.2 1.1588e-04
2023.2 0.0000e+00
2024.2 1.3631e-04
2025.2 0.0000e+00
2026.2 1.3706e-04
2027.2 0.0000e+00
2028.2 1.5636e-04
2029.2 0.0000e+00
2030.2 1.1926e-04
2031.2 0.0000e+00
2032.2 1.1532e-04
2033.2 0.0000e+00
2034.2 1.0421e-04
2035.2 0.0000e+00
2036.2 1.0661e-04
2037.2 0.0000e+00
2038.2 1.7225e-04
2039.2 0.0000e+00
2040.2 1.1956e-04
2041.2 0.0000e+00
2042.2 2.1083e-04
2043.2 0.0000e+00
2044.2 1.1444e-04
2045.2 0.0000e+00
2046.2 2.1476e-04
2047.2 0.0000e+00
2048.2 1.0956e-04
2049.2 0.0000e+00
2050.2 1.0384e-04
2051.2 0.0000e+00
2052.2 1.0288e-04
2053.2 0.0000e+00
2054.2 1.0320e-04
2055.2 0.0000e+00
2056.2 1.0338e-04
2057.2 0.0000e+00
2058.2 1.0262e-04
2059.2 0.0000e+00
2060.2 1.0095e-04
2061.2 0.0000e+00
2062.2 1.0081e-04
2063.2 0.0000e+00
2064.2 1.0046e-04
2065.2 0.0000e+00
2066.2 1.0016e-04
2067.2 0.0000e+00
2068.2 9.9561e-05
2069.2 0.0000e+00
2070.2 9.9120e-05
2071.2 0.0000e+00
2072.2 9.8688e-05
2073.2 0.0000e+00
2074.2 9.9876e-05
2075.2 0.0000e+00
2076.2 1.0288e-04
2077.2 0.0000e+00
2078.2 1.1017e-04
2079.2 0.0000e+00
2080.2 1.2443e-04
2081.2 0.0000e+00
2082.2 1.0833e-04
2083.2 0.0000e+00
2084.2 1.0891e-04
2085.2 0.0000e+00
2086.2 9.7108e-05
2087.2 0.0000e+00
2088.2 9.8101e-05
2089.2 0.0000e+00
2090.2 1.0286e-04
2091.2 0.0000e+00
2092.2 9.6080e-05
2093.2 0.0000e+00
2094.2 1.2029e-04
2095.2 0.0000e+00
2096.2 1.4412e-04
2097.2 1.7251e-05
2098.2 2.0913e-04
2099.2 1.0469e-06
2100.2 2.0421e-04
2101.2 0.0000e+00
2102.2 1.5746e-04
2103.2 0.0000e+00
2104.2 9.6768e-05
2105.2 0.0000e+00
2106.2 9.4433e-05
2107.2 0.0000e+00
2108.2 9.7869e-05
2109.2 0.0000e+00
2110.2 1.3988e-04
2111.2 0.0000e+00
2112.2 9.6849e-05
2113.2 0.0000e+00
2114.2 1.2987e-04
2115.2 0.0000e+00
2116.2 1.1366e-04
2117.2 0.0000e+00
2118.2 1.2079e-04
2119.2 0.0000e+00
2120.2 1.1854e-04
2121.2 0.0000e+00
2122.2 9.9114e-05
2123.2 0.0000e+00
2124.2 9.3078e-05
2125.2 0.0000e+00
2126.2 9.0130e-05
2127.2 0.0000e+00
2128.2 9.1023e-05
2129.2 0.0000e+00
2130.2 9.4634e-05
2131.2 0.0000e+00
2132.2 9.5104e-05
2133.2 0.0000e+00
2134.2 9.0038e-05
2135.2 0.0000e+00
2136.2 8.9139e-05
2137.2 0.0000e+00
2138.2 8.9179e-05
2139.2 0.0000e+00
2140.2 9.3682e-05
2141.2 0.0000e+00
2142.2 1.6087e-04
2143.2 0.0000e+00
2144.2 1.5693e-04
2145.2 0.0000e+00
2146.2 9.9517e-05
2147.2 0.0000e+00
2148.2 1.1225e-04
2149.2 0.0000e+00
2150.2 1.0177e-04
2151.2 0.0000e+00
2152.2 9.7229e-05
2153.2 0.0000e+00
2154.2 9.2532e-05
2155.2 0.0000e+00
2156.2 9.1200e-05
2157.2 0.0000e+00
2158.2 8.8878e-05
2159.2 0.0000e+00
2160.2 9.1283e-05
2161.2 0.0000e+00
2162.2 9.0818e-05
2163.2 0.0000e+00
2164.2 8.4924e-05
2165.2 0.0000e+00
2166.2 8.3870e-05
2167.2 0.0000e+00
2168.2 8.3855e-05
2169.2 0.0000e+00
2170.2 8.3907e-05
2171.2 0.0000e+00
2172.2 8.5624e-05
2173.2 0.0000e+00
2174.2 9.8940e-05
2175.2 0.0000e+00
2176.2 8.9995e-05
2177.2 0.0000e+00
2178.2 1.0280e-04
2179.2 0.0000e+00
2180.2 1.3208e-04
2181.2 0.0000e+00
2182.2 8.3026e-05
2183.2 0.0000e+00
2184.2 1.2430e-04
2185.2 0.0000e+00
2186.2 8.7158e-05
2187.2 0.0000e+00
2188.2 9.0837e-05
2189.2 0.0000e+00
2190.2 8.3875e-05
2191.2 0.0000e+00
2192.2 8.2835e-05
2193.2 0.0000e+00
2194.2 8.1715e-05
2195.2 0.0000e+00
2196.2 8.1100e-05
2197.2 0.0000e+00
2198.2 8.1070e-05
2199.2 0.0000e+00
2200.2 8.0891e-05
2201.2 0.0000e+00
2202.2 8.0388e-05
2203.2 0.0000e+00
2204.2 8.0121e-05
2205.2 0.0000e+00
2206.2 8.0054e-05
2207.2 0.0000e+00
2208.2 7.9571e-05
2209.2 0.0000e+00
2210.2 8.0054e-05
2211.2 0.0000e+00
2212.2 8.0792e-05
2213.2 0.0000e+00
2214.2 8.3434e-05
2215.2 0.0000e+00
2216.2 8.6635e-05
2217.2 0.0000e+00
2218.2 8.2040e-05
2219.2 0.0000e+00
2220.2 7.9843e-05
2221.2 0.0000e+00
2222.2 7.8444e-05
2223.2 0.0000e+00
2224.2 7.7798e-05
2225.2 0.0000e+00
2226.2 7.6985e-05
2227.2 0.0000e+00
2228.2 7.6862e-05
2229.2 0.0000e+00
2230.2 7.6160e-05
2231.2 0.0000e+00
2232.2 7.6544e-05
2233.2 0.0000e+00
2234.2 8.3306e-05
2235.2 0.0000e+00
2236.2 8.6504e-05
2237.2 0.0000e+00
2238.2 8.1166e-05
2239.2 0.0000e+00
2240.2 7.5466e-05
2241.2 0.0000e+00
2242.2 7.5144e-05
2243.2 0.0000e+00
2244.2 8.4575e-05
2245.2 0.0000e+00
2246.2 8.6412e-05
2247.2 0.0000e+00
2248.2 9.1907e-05
2249.2 0.0000e+00
2250.2 9.0138e-05
2251.2 0.0000e+00
2252.2 7.9899e-05
2253.2 0.0000e+00
2254.2 7.2483e-05
2255.2 0.0000e+00
2256.2 7.2300e-05
2257.2 0.0000e+00
2258.2 7.0466e-05
2259.2 0.0000e+00
2260.2 6.7173e-05
2261.2 0.0000e+00
2262.2 6.1811e-05
2263.2 0.0000e+00
2264.2 4.6437e-05
2265.2 6.8029e-05
2266.2 2.9336e-04
2267.2 0.0000e+00
2268.2 1.1042e-04
2269.2 1.8755e-04
2270.2 1.8049e-04
2271.2 0.0000e+00
2272.2 1.0377e-04
2273.2 0.0000e+00
2274.2 1.2522e-04
2275.2 0.0000e+00
2276.2 1.0960e-04
2277.2 0.0000e+00
2278.2 1.1293e-04
2279.2 0.0000e+00
2280.2 1.2649e-04
2281.2 0.0000e+00
2282.2 8.6176e-05
2283.2 0.0000e+00
2284.2 8.6344e-05
2285.2 0.0000e+00
2286.2 8.4038e-05
2287.2 0.0000e+00
2288.2 1.5108e-04
2289.2 0.0000e+00
2290.2 1.4182e-04
2291.2 0.0000e+00
2292.2 7.9580e-05
2293.2 0.0000e+00
2294.2 7.4714e-05
2295.2 0.0000e+00
2296.2 8.2226e-05
2297.2 0.0000e+00
2298.2 8.9000e-05
2299.2 0.0000e+00
2300.2 1.0225e-04
2301.2 0.0000e+00
2302.2 8.8155e-05
2303.2 0.0000e+00
2304.2 7.9582e-05
2305.2 0.0000e+00
2306.2 8.6172e-05
2307.2 0.0000e+00
2308.2 8.8316e-05
2309.2 0.0000e+00
2310.2 1.0545e-04
2311.2 0.0000e+00
2312.2 1.0804e-04
2313.2 0.0000e+00
2314.2 8.0365e-05
2315.2 0.0000e+00
2316.2 7.2085e-05
2317.2 0.0000e+00
2318.2 7.5510e-05
2319.2 0.0000e+00
2320.2 7.7028e-05
2321.2 0.0000e+00
2322.2 7.7656e-05
2323.2 0.0000e+00
2324.2 7.5268e-05
2325.2 0.0000e+00
2326.2 7.6186e-05
2327.2 0.0000e+00
2328.2 8.0445e-05
2329.2 0.0000e+00
2330.2 7.6137e-05
2331.2 0.0000e+00
2332.2 8.6721e-05
2333.2 0.0000e+00
2334.2 8.4558e-05
2335.2 0.0000e+00
2336.2 1.4899e-04
2337.2 3.7257e-05
2338.2 6.6415e-05
2339.2 0.0000e+00
2340.2 1.9955e-04
2341.2 0.0000e+00
2342.2 7.6368e-05
2343.2 0.0000e+00
2344.2 7.3031e-05
2345.2 0.0000e+00
2346.2 9.1143e-05
2347.2 0.0000e+00
2348.2 6.3218e-05
2349.2 0.0000e+00
2350.2 6.3717e-05
2351.2 0.0000e+00
2352.2 6.5682e-05
2353.2 0.0000e+00
2354.2 7.5033e-05
2355.2 0.0000e+00
2356.2 7.5702e-05
2357.2 0.0000e+00
2358.2 7.0370e-05
2359.2 0.0000e+00
2360.2 7.0199e-05
2361.2 0.0000e+00
2362.2 8.0730e-05
2363.2 0.0000e+00
2364.2 8.2521e-05
2365.2 0.0000e+00
2366.2 7.0362e-05
2367.2 0.0000e+00
2368.2 6.5542e-05
2369.2 0.0000e+00
2370.2 6.4087e-05
2371.2 0.0000e+00
2372.2 6.4696e-05
2373.2 0.0000e+00
2374.2 6.3769e-05
2375.2 0.0000e+00
2376.2 6.3951e-05
2377.2 0.0000e+00
2378.2 6.3679e-05
2379.2 0.0000e+00
2380.2 7.0550e-05
2381.2 0.0000e+00
2382.2 6.6682e-05
2383.2 0.0000e+00
2384.2 7.0995e-05
2385.2 0.0000e+00
2386.2 6.6044e-05
2387.2 0.0000e+00
2388.2 6.5949e-05
2389.2 0.0000e+00
2390.2 6.4266e-05
2391.2 0.0000e+00
2392.2 6.4113e-05
2393.2 0.0000e+00
2394.2 6.3609e-05
2395.2 0.0000e+00
2396.2 6.3043e-05
2397.2 0.0000e+00
2398.2 6.3459e-05
2399.2 0.0000e+00
2400.2 6.4228e-05
2401.2 0.0000e+00
2402.2 6.4632e-05
2403.2 0.0000e+00
2404.2 6.9735e-05
2405.2 0.0000e+00
2406.2 7.1994e-05
2407.2 0.0000e+00
2408.2 6.3483e-05
2409.2 0.0000e+00
2410.2 6.2782e-05
2411.2 0.0000e+00
2412.2 7.9437e-05
2413.2 4.5785e-05
2414.2 1.6683e-04
2415.2 3.5195e-05
2416.2 1.5558e-04
2417.2 0.0000e+00
2418.2 7.6241e-05
2419.2 0.0000e+00
2420.2 6.6456e-05
2421.2 0.0000e+00
2422.2 6.9821e-05
2423.2 0.0000e+00
2424.2 1.0200e-04
2425.2 0.0000e+00
2426.2 1.0456e-04
2427.2 9.0472e-06
2428.2 1.4773e-04
2429.2 0.0000e+00
2430.2 7.9073e-05
2431.2 0.0000e+00
2432.2 7.8159e-05
2433.2 0.0000e+00
2434.2 6.5069e-05
2435.2 0.0000e+00
2436.2 6.2709e-05
2437.2 0.0000e+00
2438.2 6.4088e-05
2439.2 0.0000e+00
2440.2 6.2259e-05
2441.2 0.0000e+00
2442.2 6.3441e-05
2443.2 0.0000e+00
2444.2 8.0925e-05
2445.2 0.0000e+00
2446.2 7.8287e-05
2447.2 0.0000e+00
2448.2 6.1789e-05
2449.2 0.0000e+00
2450.2 6.0198e-05
2451.2 0.0000e+00
2452.2 6.0630e-05
2453.2 0.0000e+00
2454.2 6.1456e-05
2455.2 0.0000e+00
2456.2 6.1490e-05
2457.2 0.0000e+00
2458.2 6.2208e-05
2459.2 0.0000e+00
2460.2 6.2151e-05
2461.2 0.0000e+00
2462.2 6.0204e-05
2463.2 0.0000e+00
2464.2 6.0622e-05
2465.2 0.0000e+00
2466.2 6.1575e-05
2467.2 0.0000e+00
2468.2 7.8939e-05
2469.2 0.0000e+00
2470.2 8.7786e-05
2471.2 0.0000e+00
2472.2 8.0936e-05
2473.2 0.0000e+00
2474.2 8.8037e-05
2475.2 0.0000e+00
2476.2 6.3799e-05
2477.2 0.0000e+00
2478.2 6.1312e-05
2479.2 0.0000e+00
2480.2 5.8737e-05
2481.2 0.0000e+00
2482.2 5.8239e-05
2483.2 0.0000e+00
2484.2 5.7937e-05
2485.2 0.0000e+00
2486.2 5.7589e-05
2487.2 0.0000e+00
2488.2 5.7260e-05
2489.2 0.0000e+00
2490.2 5.6654e-05
2491.2 0.0000e+00
2492.2 5.9397e-05
2493.2 0.0000e+00
2494.2 9.4229e-05
2495.2 0.0000e+00
2496.2 9.9151e-05
2497.2 0.0000e+00
2498.2 6.2277e-05
2499.2 0.0000e+00
2500.2 5.8849e-05
2501.2 0.0000e+00
2502.2 6.0181e-05
2503.2 0.0000e+00
2504.2 7.4527e-05
2505.2 0.0000e+00
2506.2 7.4751e-05
2507.2 0.0000e+00
2508.2 6.8786e-05
2509.2 0.0000e+00
2510.2 5.8954e-05
2511.2 0.0000e+00
2512.2 5.6022e-05
2513.2 0.0000e+00
2514.2 5.7197e-05
2515.2 0.0000e+00
2516.2 5.6878e-05
2517.2 0.0000e+00
2518.2 5.6415e-05
2519.2 0.0000e+00
2520.2 6.2852e-05
2521.2 0.0000e+00
2522.2 5.7269e-05
2523.2 0.0000e+00
2524.2 5.8960e-05
2525.2 0.0000e+00
2526.2 5.7995e-05
2527.2 0.0000e+00
2528.2 5.7886e-05
2529.2 0.0000e+00
2530.2 5.7574e-05
2531.2 0.0000e+00
2532.2 5.8413e-05
2533.2 0.0000e+00
2534.2 6.0243e-05
2535.2 0.0000e+00
2536.2 6.4692e-05
2537.2 0.0000e+00
2538.2 7.7112e-05
2539.2 0.0000e+00
2540.2 1.3375e-04
2541.2 1.1574e-05
2542.2 5.9892e-05
2543.2 3.7829e-06
2544.2 1.2985e-04
2545.2 4.3946e-05
2546.2 1.0630e-04
2547.2 0.0000e+00
2548.2 1.0763e-04
2549.2 4.6801e-05
2550.2 5.5360e-05
2551.2 0.0000e+00
2552.2 5.6063e-05
2553.2 0.0000e+00
2554.2 5.0514e-05
2555.2 0.0000e+00
2556.2 5.0631e-05
2557.2 0.0000e+00
2558.2 7.7380e-05
2559.2 0.0000e+00
2560.2 7.0600e-05
2561.2 0.0000e+00
2562.2 7.6982e-05
2563.2 0.0000e+00
2564.2 6.7475e-05
2565.2 0.0000e+00
2566.2 8.9683e-05
2567.2 0.0000e+00
2568.2 9.5635e-05
2569.2 0.0000e+00
2570.2 7.2694e-05
2571.2 0.0000e+00
2572.2 6.7564e-05
2573.2 0.0000e+00
2574.2 1.1729e-04
2575.2 4.0278e-05
2576.2 8.6606e-05
2577.2 0.0000e+00
2578.2 1.4464e-04
2579.2 4.0195e-06
2580.2 4.5702e-05
2581.2 0.0000e+00
2582.2 5.0483e-05
2583.2 0.0000e+00
2584.2 4.9586e-05
2585.2 0.0000e+00
2586.2 5.9040e-05
2587.2 0.0000e+00
2588.2 5.6690e-05
2589.2 0.0000e+00
2590.2 5.1157e-05
2591.2 0.0000e+00
2592.2 4.8833e-05
2593.2 0.0000e+00
2594.2 5.1877e-05
2595.2 0.0000e+00
2596.2 4.8867e-05
2597.2 0.0000e+00
2598.2 5.3212e-05
2599.2 0.0000e+00
2600.2 1.6688e-04
2601.2 2.7335e-05
2602.2 1.4963e-04
2603.2 5.8457e-06
2604.2 7.8825e-05
2605.2 0.0000e+00
2606.2 4.7967e-05
2607.2 0.0000e+00
2608.2 4.7487e-05
2609.2 0.0000e+00
2610.2 4.8067e-05
2611.2 0.0000e+00
2612.2 4.8173e-05
2613.2 0.0000e+00
2614.2 4.8104e-05
2615.2 0.0000e+00
2616.2 4.8276e-05
2617.2 0.0000e+00
2618.2 4.8179e-05
2619.2 0.0000e+00
2620.2 4.8521e-05
2621.2 0.0000e+00
2622.2 4.7380e-05
2623.2 0.0000e+00
2624.2 4.7157e-05
2625.2 0.0000e+00
2626.2 5.5547e-05
2627.2 0.0000e+00
2628.2 5.9504e-05
2629.2 0.0000e+00
2630.2 6.4237e-05
2631.2 0.0000e+00
2632.2 6.3994e-05
2633.2 0.0000e+00
2634.2 8.4518e-05
2635.2 0.0000e+00
2636.2 6.8445e-05
2637.2 0.0000e+00
2638.2 5.2750e-05
2639.2 0.0000e+00
2640.2 4.5815e-05
2641.2 0.0000e+00
2642.2 4.6293e-05
2643.2 0.0000e+00
2644.2 4.5791e-05
2645.2 0.0000e+00
2646.2 4.5335e-05
2647.2 0.0000e+00
2648.2 4.5146e-05
2649.2 0.0000e+00
2650.2 4.4944e-05
2651.2 0.0000e+00
2652.2 4.4784e-05
2653.2 0.0000e+00
2654.2 4.4459e-05
2655.2 0.0000e+00
2656.2 4.4389e-05
2657.2 0.0000e+00
2658.2 4.4051e-05
2659.2 0.0000e+00
2660.2 4.3386e-05
2661.2 0.0000e+00
2662.2 4.5725e-05
2663.2 0.0000e+00
2664.2 4.5998e-05
2665.2 0.0000e+00
2666.2 4.9919e-05
2667.2 0.0000e+00
2668.2 5.1170e-05
2669.2 0.0000e+00
2670.2 5.2855e-05
2671.2 0.0000e+00
2672.2 4.3442e-05
2673.2 0.0000e+00
2674.2 4.2873e-05
2675.2 0.0000e+00
2676.2 4.3795e-05
2677.2 0.0000e+00
2678.2 4.3596e-05
2679.2 0.0000e+00
2680.2 4.2075e-05
2681.2 0.0000e+00
2682.2 4.1527e-05
2683.2 0.0000e+00
2684.2 4.1992e-05
2685.2 0.0000e+00
2686.2 4.1676e-05
2687.2 0.0000e+00
2688.2 4.6861e-05
2689.2 0.0000e+00
2690.2 4.7206e-05
2691.2 0.0000e+00
2692.2 4.0745e-05
2693.2 0.0000e+00
2694.2 3.9458e-05
2695.2 0.0000e+00
2696.2 3.8509e-05
2697.2 0.0000e+00
2698.2 3.8236e-05
2699.2 0.0000e+00
2700.2 4.0627e-05
2701.2 0.0000e+00
2702.2 3.5474e-05
2703.2 0.0000e+00
2704.2 3.1208e-05
2705.2 0.0000e+00
2706.2 1.9190e-04
2707.2 0.0000e+00
2708.2 2.9645e-05
2709.2 8.1724e-05
2710.2 1.4421e-04
2711.2 0.0000e+00
2712.2 5.4154e-05
2713.2 0.0000e+00
2714.2 4.9046e-05
2715.2 0.0000e+00
2716.2 4.5635e-05
2717.2 0.0000e+00
2718.2 4.4482e-05
2719.2 0.0000e+00
2720.2 6.0206e-05
2721.2 0.0000e+00
2722.2 4.0261e-05
2723.2 0.0000e+00
2724.2 5.7278e-05
2725.2 0.0000e+00
2726.2 4.2246e-05
2727.2 0.0000e+00
2728.2 4.3042e-05
2729.2 0.0000e+00
2730.2 4.2579e-05
2731.2 0.0000e+00
2732.2 4.5673e-05
2733.2 0.0000e+00
2734.2 4.2005e-05
2735.2 0.0000e+00
2736.2 4.0629e-05
2737.2 0.0000e+00
2738.2 3.9623e-05
2739.2 0.0000e+00
2740.2 3.8721e-05
2741.2 0.0000e+00
2742.2 3.8708e-05
2743.2 0.0000e+00
2744.2 3.8159e-05
2745.2 0.0000e+00
2746.2 3.7767e-05
2747.2 0.0000e+00
2748.2 3.7497e-05
2749.2 0.0000e+00
2750.2 3.8502e-05
2751.2 0.0000e+00
2752.2 6.1053e-05
2753.2 0.0000e+00
2754.2 6.1897e-05
2755.2 0.0000e+00
2756.2 4.2263e-05
2757.2 0.0000e+00
2758.2 3.9239e-05
2759.2 0.0000e+00
2760.2 3.8274e-05
2761.2 0.0000e+00
2762.2 3.5565e-05
2763.2 0.0000e+00
2764.2 3.6975e-05
2765.2 0.0000e+00
2766.2 3.5570e-05
2767.2 0.0000e+00
2768.2 3.5771e-05
2769.2 0.0000e+00
2770.2 3.4400e-05
2771.2 0.0000e+00
2772.2 3.4206e-05
2773.2 0.0000e+00
2774.2 3.3295e-05
2775.2 0.0000e+00
2776.2 3.3292e-05
2777.2 0.0000e+00
2778.2 3.3004e-05
2779.2 0.0000e+00
2780.2 3.2792e-05
2781.2 0.0000e+00
2782.2 3.3770e-05
2783.2 0.0000e+00
2784.2 4.2976e-05
2785.2 0.0000e+00
2786.2 4.1725e-05
2787.2 0.0000e+00
2788.2 4.3827e-05
2789.2 0.0000e+00
2790.2 4.5001e-05
2791.2 0.0000e+00
2792.2 3.9101e-05
2793.2 0.0000e+00
2794.2 3.2599e-05
2795.2 0.0000e+00
2796.2 3.3221e-05
2797.2 0.0000e+00
2798.2 2.9898e-05
2799.2 0.0000e+00
2800.2 2.9648e-05
2801.2 0.0000e+00
2802.2 2.9105e-05
2803.2 0.0000e+00
2804.2 2.8468e-05
2805.2 0.0000e+00
2806.2 2.7922e-05
2807.2 0.0000e+00
2808.2 2.7684e-05
2809.2 0.0000e+00
2810.2 2.7194e-05
2811.2 0.0000e+00
2812.2 2.7050e-05
2813.2 0.0000e+00
2814.2 2.6677e-05
2815.2 0.0000e+00
2816.2 2.7184e-05
2817.2 0.0000e+00
2818.2 2.6394e-05
2819.2 0.0000e+00
2820.2 2.6214e-05
2821.2 0.0000e+00
2822.2 2.5405e-05
2823.2 0.0000e+00
2824.2 2.6311e-05
2825.2 0.0000e+00
2826.2 2.6496e-05
2827.2 0.0000e+00
2828.2 2.6807e-05
2829.2 0.0000e+00
2830.2 2.6554e-05
2831.2 0.0000e+00
2832.2 2.4796e-05
2833.2 0.0000e+00
2834.2 2.3452e-05
2835.2 0.0000e+00
2836.2 2.3649e-05
2837.2 0.0000e+00
2838.2 2.2027e-05
2839.2 0.0000e+00
2840.2 2.2149e-05
2841.2 0.0000e+00
2842.2 2.1562e-05
2843.2 0.0000e+00
2844.2 2.3406e-05
2845.2 0.0000e+00
2846.2 2.3015e-05
2847.2 0.0000e+00
2848.2 2.2928e-05
2849.2 0.0000e+00
2850.2 2.0886e-05
2851.2 0.0000e+00
2852.2 2.0228e-05
2853.2 0.0000e+00
2854.2 2.1804e-05
2855.2 0.0000e+00
2856.2 2.7542e-05
2857.2 0.0000e+00
2858.2 9.1661e-05
2859.2 6.5101e-05
2860.2 7.5215e-05
2861.2 3.7859e-05
2862.2 3.8312e-05
2863.2 4.3118e-05
2864.2 3.5987e-05
2865.2 0.0000e+00
2866.2 2.2296e-05
2867.2 0.0000e+00
2868.2 2.7455e-05
2869.2 7.5348e-06
2870.2 2.6943e-05
2871.2 2.5405e-05
2872.2 2.8148e-05
2873.2 1.8920e-05
2874.2 2.1759e-05
2875.2 1.3114e-05
2876.2 1.2167e-05
2877.2 1.1223e-05
2878.2 0.0000e+00
2879.2 6.3621e-05
2880.2 7.7939e-05
2881.2 0.0000e+00
2882.2 3.1470e-05
2883.2 9.4283e-05
2884.2 9.8699e-05
2885.3 6.5543e-05
2886.3 0.0000e+00
2887.3 3.9900e-05
2888.3 1.0872e-04
2889.3 1.6969e-05
2890.3 1.4177e-06
2891.3 2.7708e-06
2892.3 3.4071e-07
2893.3 4.3449e-06
2894.3 5.9262e-06
2895.3 5.8071e-06
2896.3 1.8829e-06
2897.3 9.4574e-06
2898.3 2.4661e-07
2899.3 6.2492e-06
2900.3 0.0000e+00
2901.3 6.7639e-06
2902.3 0.0000e+00
2903.3 7.8237e-06
2904.3 0.0000e+00
2905.3 1.0740e-05
2906.3 0.0000e+00
2907.3 1.1229e-05
2908.3 0.0000e+00
2909.3 1.1868e-05
2910.3 0.0000e+00
2911.3 1.4154e-05
2912.3 0.0000e+00
2913.3 1.7509e-05
2914.3 0.0000e+00
2915.3 2.3647e-05
2916.3 0.0000e+00
2917.3 2.5894e-05
2918.3 0.0000e+00
2919.3 2.2606e-05
2920.3 0.0000e+00
2921.3 2.1915e-05
2922.3 0.0000e+00
2923.3 2.4107e-05
2924.3 0.0000e+00
2925.3 2.5497e-05
2926.3 0.0000e+00
2927.3 2.6452e-05
2928.3 0.0000e+00
2929.3 2.8975e-05
2930.3 0.0000e+00
2931.3 2.9865e-05
2932.3 0.0000e+00
2933.3 3.1629e-05
2934.3 0.0000e+00
2935.3 3.5421e-05
2936.3 0.0000e+00
2937.3 3.7517e-05
2938.3 0.0000e+00
2939.3 3.9708e-05
2940.3 0.0000e+00
2941.3 4.1895e-05
2942.3 0.0000e+00
2943.3 4.4410e-05
2944.3 0.0000e+00
2945.3 4.8279e-05
2946.3 0.0000e+00
2947.3 5.2531e-05
2948.3 0.0000e+00
2949.3 5.7844e-05
2950.3 0.0000e+00
2951.3 6.2586e-05
2952.3 0.0000e+00
2953.3 5.7894e-05
2954.3 0.0000e+00
2955.3 8.1563e-05
2956.3 0.0000e+00
2957.3 9.1382e-05
2958.3 0.0000e+00
2959.3 7.2473e-05
2960.3 0.0000e+00
2961.3 8.8238e-05
2962.3 0.0000e+00
2963.3 8.5644e-05
2964.3 0.0000e+00
2965.3 9.9693e-05
2966.3 0.0000e+00
2967.3 9.9385e-05
2968.3 0.0000e+00
2969.3 1.1693e-04
2970.3 0.0000e+00
2971.3 1.5231e-04
2972.3 0.0000e+00
2973.3 1.8372e-04
2974.3 0.0000e+00
2975.3 1.4577e-04
2976.3 0.0000e+00
2977.3 1.5622e-04
2978.3 0.0000e+00
2979.3 1.2899e-04
2980.3 0.0000e+00
2981.3 1.5071e-04
2982.3 0.0000e+00
2983.3 1.7159e-04
2984.3 0.0000e+00
2985.3 2.8484e-04
2986.3 1.8449e-04
2987.3 4.0127e-04
2988.3 3.4226e-06
2989.3 5.0231e-04
2990.3 2.8132e-04
2991.3 6.6987e-04
2992.3 1.6966e-04
2993.3 2.7523e-04
2994.3 4.0744e-04
2995.3 6.2683e-04
2996.3 0.0000e+00
2997.3 2.6669e-04
2998.3 0.0000e+00
2999.3 2.4691e-04
3000.3 0.0000e+00
3001.3 2.5656e-04
3002.3 0.0000e+00
3003.3 2.8270e-04
3004.3 0.0000e+00
3005.3 2.9768e-04
3006.3 0.0000e+00
3007.3 3.2152e-04
3008.3 0.0000e+00
3009.3 3.2300e-04
3010.3 0.0000e+00
3011.3 3.5188e-04
3012.3 0.0000e+00
3013.3 3.8133e-04
3014.3 0.0000e+00
3015.3 4.1972e-04
3016.3 0.0000e+00
3017.3 4.5770e-04
3018.3 0.0000e+00
3019.3 4.8697e-04
3020.3 0.0000e+00
3021.3 5.5959e-04
3022.3 0.0000e+00
3023.3 6.0816e-04
3024.3 0.0000e+00
3025.3 6.9551e-04
3026.3 0.0000e+00
3027.3 7.5931e-04
3028.3 0.0000e+00
3029.3 8.6229e-04
3030.3 0.0000e+00
3031.3 9.7589e-04
3032.3 0.0000e+00
3033.3 1.1549e-03
3034.3 0.0000e+00
3035.3 1.4736e-03
3036.3 0.0000e+00
3037.3 1.8881e-03
3038.3 0.0000e+00
3039.3 2.4486e-03
3040.3 0.0000e+00
3041.3 3.7803e-03
3042.3 0.0000e+00
3043.3 1.4740e-02
3044.3 2.0896e-02
3045.3 5.4308e-02
3046.3 3.7740e-02
3047.3 7.1433e-02
3048.3 5.7363e-02
3049.3 3.3983e-02
3050.3 2.8525e-02
3051.3 5.8647e-03
3052.3 4.9520e-03
3053.3 7.5717e-04
3054.3 8.7078e-03
3055.3 2.1086e-02
3056.3 6.5322e-03
3057.3 3.6145e-03
3058.3 1.4148e-02
3059.3 1.3937e-02
3060.3 1.5877e-04
3061.3 3.5559e-03
3062.3 0.0000e+00
3063.3 1.1506e-02
3064.3 1.8128e-02
3065.3 8.3088e-02
3066.3 1.0414e-01
3067.3 1.2271e-01
3068.3 1.4509e-01
3069.3 3.6439e-02
3070.3 2.1838e-02
3071.3 0.0000e+00
3072.3 6.1224e-03
3073.3 1.3477e-03
3074.3 1.1502e-02
3075.3 1.5354e-03
3076.3 4.8933e-03
3077.3 2.1832e-02
3078.3 4.6858e-02
3079.3 0.0000e+00
3080.3 1.4089e-02
3081.3 2.9627e-02
3082.3 2.2874e-02
3083.3 0.0000e+00
3084.3 1.1523e-02
3085.3 0.0000e+00
3086.3 9.7913e-03
3087.3 0.0000e+00
3088.3 9.2714e-03
3089.3 6.5807e-02
3090.3 1.6051e-01
3091.3 3.4520e-01
3092.3 1.6384e-01
3093.3 8.6373e-02
3094.3 2.9405e-01
3095.3 2.6553e-01
3096.3 0.0000e+00
3097.3 1.6955e-02
3098.3 0.0000e+00
3099.3 9.5236e-03
3100.3 0.0000e+00
3101.3 5.6020e-03
3102.3 0.0000e+00
3103.3 3.9724e-03
3104.3 0.0000e+00
3105.3 3.1125e-03
3106.3 0.0000e+00
3107.3 2.4120e-03
3108.3 0.0000e+00
3109.3 2.0119e-03
3110.3 0.0000e+00
3111.3 1.6794e-03
3112.3 0.0000e+00
3113.3 1.4549e-03
3114.3 0.0000e+00
3115.3 1.2340e-03
3116.3 0.0000e+00
3117.3 1.0875e-03
3118.3 0.0000e+00
3119.3 9.3300e-04
3120.3 0.0000e+00
3121.3 8.3777e-04
3122.3 0.0000e+00
3123.3 7.2945e-04
3124.3 0.0000e+00
3125.3 6.6396e-04
3126.3 0.0000e+00
3127.3 5.9369e-04
3128.3 0.0000e+00
3129.3 5.3377e-04
3130.3 0.0000e+00
3131.3 4.8836e-04
3132.3 0.0000e+00
3133.3 4.4911e-04
3134.3 0.0000e+00
3135.3 4.0688e-04
3136.3 0.0000e+00
3137.3 3.7712e-04
3138.3 0.0000e+00
3139.3 3.4008e-04
3140.3 0.0000e+00
3141.3 3.1493e-04
3142.3 0.0000e+00
3143.3 2.9733e-04
3144.3 0.0000e+00
3145.3 2.7809e-04
3146.3 0.0000e+00
3147.3 2.5447e-04
3148.3 0.0000e+00
3149.3 2.4972e-04
3150.3 0.0000e+00
3151.3 2.3056e-04
3152.3 0.0000e+00
3153.3 2.0373e-04
3154.3 0.0000e+00
3155.3 1.8956e-04
3156.3 0.0000e+00
3157.3 1.7776e-04
3158.3 0.0000e+00
3159.3 1.6643e-04
3160.3 0.0000e+00
3161.3 1.5818e-04
3162.3 0.0000e+00
3163.3 1.5834e-04
3164.3 0.0000e+00
3165.3 2.2473e-04
3166.3 0.0000e+00
3167.3 2.1780e-04
3168.3 3.2781e-05
3169.3 1.7670e-04
3170.3 0.0000e+00
3171.3 1.1797e-04
3172.3 0.0000e+00
3173.3 1.0300e-04
3174.3 0.0000e+00
3175.3 9.8881e-05
3176.3 0.0000e+00
3177.3 9.3891e-05
3178.3 0.0000e+00
3179.3 9.1720e-05
3180.3 0.0000e+00
3181.3 8.3712e-05
3182.3 0.0000e+00
3183.3 7.5688e-05
3184.3 0.0000e+00
3185.3 7.1095e-05
3186.3 0.0000e+00
3187.3 6.7602e-05
3188.3 0.0000e+00
3189.3 6.1156e-05
3190.3 0.0000e+00
3191.3 5.7012e-05
3192.3 0.0000e+00
3193.3 5.3403e-05
3194.3 0.0000e+00
3195.3 4.9996e-05
3196.3 0.0000e+00
3197.3 4.6740e-05
3198.3 0.0000e+00
3199.3 4.4105e-05
3200.3 0.0000e+00
3201.3 4.0882e-05
3202.3 0.0000e+00
3203.3 3.8900e-05
3204.3 0.0000e+00
3205.3 3.6035e-05
3206.3 0.0000e+00
3207.3 3.3490e-05
3208.3 0.0000e+00
3209.3 3.0690e-05
3210.3 0.0000e+00
3211.3 2.8825e-05
3212.3 0.0000e+00
3213.3 2.5955e-05
3214.3 0.0000e+00
3215.3 2.3956e-05
3216.3 0.0000e+00
3217.3 2.1666e-05
3218.3 0.0000e+00
3219.3 2.0189e-05
3220.3 0.0000e+00
3221.3 1.7923e-05
3222.3 0.0000e+00
3223.3 1.6394e-05
3224.3 0.0000e+00
3225.3 1.4733e-05
3226.3 0.0000e+00
3227.3 1.3019e-05
3228.3 0.0000e+00
3229.3 1.9440e-05
3230.3 8.2004e-06
3231.3 3.7115e-05
3232.3 2.2482e-05
3233.3 3.4066e-05
3234.3 2.0366e-05
3235.3 3.2756e-05
3236.3 7.4104e-06
3237.3 1.8157e-05
3238.3 0.0000e+00
3239.3 1.1644e-05
3240.3 0.0000e+00
3241.3 6.9785e-06
3242.3 0.0000e+00
3243.3 4.2962e-06
3244.3 0.0000e+00
3245.3 2.9138e-06
3246.3 0.0000e+00
3247.3 2.0773e-06
3248.3 0.0000e+00
3249.3 1.7727e-06
3250.3 1.3321e-06
3251.3 1.3554e-06
3252.3 2.9512e-06
3253.3 1.2835e-06
3254.3 5.5622e-06
3255.3 0.0000e+00
3256.3 6.5899e-06
3257.3 0.0000e+00
3258.3 5.4298e-06
3259.3 0.0000e+00
3260.3 5.5232e-06
3261.3 0.0000e+00
3262.3 5.9695e-06
3263.3 0.0000e+00
3264.3 6.9203e-06
3265.3 0.0000e+00
3266.3 8.2175e-06
3267.3 0.0000e+00
3268.3 8.9769e-06
3269.3 0.0000e+00
3270.3 1.0613e-05
3271.3 1.2272e-05
3272.3 1.6124e-05
3273.3 1.2406e-05
3274.3 3.4036e-05
3275.3 1.2410e-07
3276.3 3.2561e-05
3277.3 0.0000e+00
3278.3 1.5285e-05
3279.3 0.0000e+00
3280.3 1.3107e-05
3281.3 0.0000e+00
3282.3 1.5960e-05
3283.3 0.0000e+00
3284.3 1.5073e-05
3285.3 0.0000e+00
3286.3 1.5199e-05
3287.3 0.0000e+00
3288.3 1.5497e-05
3289.3 0.0000e+00
3290.3 1.5631e-05
3291.3 0.0000e+00
3292.3 1.5759e-05
3293.3 0.0000e+00
3294.3 1.6338e-05
3295.3 0.0000e+00
3296.3 1.7942e-05
3297.3 0.0000e+00
3298.3 1.8082e-05
3299.3 0.0000e+00
3300.3 1.7713e-05
3301.3 0.0000e+00
3302.3 1.8220e-05
3303.3 0.0000e+00
3304.3 1.8559e-05
3305.3 0.0000e+00
3306.3 2.0035e-05
3307.3 0.0000e+00
3308.3 2.0269e-05
3309.3 0.0000e+00
3310.3 1.9807e-05
3311.3 0.0000e+00
3312.3 2.0238e-05
3313.3 0.0000e+00
3314.3 2.0140e-05
3315.3 0.0000e+00
3316.3 2.0666e-05
3317.3 0.0000e+00
3318.3 2.0964e-05
3319.3 0.0000e+00
3320.3 2.1242e-05
3321.3 0.0000e+00
3322.3 2.1624e-05
3323.3 0.0000e+00
3324.3 2.2494e-05
3325.3 0.0000e+00
3326.3 2.2673e-05
3327.3 0.0000e+00
3328.3 2.2359e-05
3329.3 0.0000e+00
3330.3 2.2844e-05
3331.3 0.0000e+00
3332.3 2.3288e-05
3333.3 0.0000e+00
3334.3 2.3236e-05
3335.3 0.0000e+00
3336.3 2.4084e-05
3337.3 0.0000e+00
3338.3 2.3684e-05
3339.3 0.0000e+00
3340.3 2.4119e-05
3341.3 0.0000e+00
3342.3 2.4258e-05
3343.3 0.0000e+00
3344.3 2.4525e-05
3345.3 0.0000e+00
3346.3 2.4644e-05
3347.3 0.0000e+00
3348.3 2.4911e-05
3349.3 0.0000e+00
3350.3 2.5435e-05
3351.3 0.0000e+00
3352.3 2.5229e-05
3353.3 0.0000e+00
3354.3 2.5482e-05
3355.3 0.0000e+00
3356.3 2.6882e-05
3357.3 0.0000e+00
3358.3 2.6044e-05
3359.3 0.0000e+00
3360.3 2.6784e-05
3361.3 0.0000e+00
3362.3 2.6193e-05
3363.3 0.0000e+00
3364.3 2.6795e-05
3365.3 0.0000e+00
3366.3 2.6501e-05
3367.3 0.0000e+00
3368.3 2.6597e-05
3369.3 0.0000e+00
3370.3 2.6750e-05
3371.3 0.0000e+00
3372.3 2.6845e-05
3373.3 0.0000e+00
3374.3 2.7652e-05
3375.3 0.0000e+00
3376.3 2.7619e-05
3377.3 0.0000e+00
3378.3 2.7827e-05
3379.3 0.0000e+00
3380.3 2.7629e-05
3381.3 0.0000e+00
3382.3 2.7824e-05
3383.3 0.0000e+00
3384.3 2.7689e-05
3385.3 0.0000e+00
3386.3 2.8024e-05
3387.3 0.0000e+00
3388.3 2.8233e-05
3389.3 0.0000e+00
3390.3 2.8070e-05
3391.3 0.0000e+00
3392.3 2.8489e-05
3393.3 0.0000e+00
3394.3 2.8434e-05
3395.3 0.0000e+00
3396.3 2.8665e-05
3397.3 0.0000e+00
3398.3 2.9114e-05
3399.3 0.0000e+00
3400.3 2.8956e-05
3401.3 0.0000e+00
3402.3 2.8911e-05
3403.3 0.0000e+00
3404.3 2.9144e-05
3405.3 0.0000e+00
3406.3 2.9338e-05
3407.3 0.0000e+00
3408.3 2.9536e-05
3409.3 0.0000e+00
3410.3 2.9954e-05
3411.3 0.0000e+00
3412.3 3.1408e-05
3413.3 0.0000e+00
3414.3 3.2280e-05
3415.3 0.0000e+00
3416.3 3.4869e-05
3417.3 0.0000e+00
3418.3 3.1230e-05
3419.3 0.0000e+00
3420.3 3.0147e-05
3421.3 0.0000e+00
3422.3 2.9752e-05
3423.3 0.0000e+00
3424.3 2.9908e-05
3425.3 0.0000e+00
3426.3 2.9679e-05
3427.3 0.0000e+00
3428.3 3.0196e-05
3429.3 0.0000e+00
3430.3 3.1168e-05
3431.3 0.0000e+00
3432.3 1.5445e-04
3433.3 2.7088e-05
3434.3 1.2671e-05
3435.3 4.3557e-05
3436.3 1.4344e-04
3437.3 0.0000e+00
3438.3 4.2398e-05
3439.3 0.0000e+00
3440.3 3.5353e-05
3441.3 0.0000e+00
3442.3 3.7752e-05
3443.3 0.0000e+00
3444.3 5.7577e-05
3445.3 0.0000e+00
3446.3 6.6402e-05
3447.3 0.0000e+00
3448.3 5.1762e-05
3449.3 0.0000e+00
3450.3 3.1018e-05
3451.3 0.0000e+00
3452.3 3.1445e-05
3453.3 0.0000e+00
3454.3 3.2067e-05
3455.3 0.0000e+00
3456.3 3.3631e-05
3457.3 0.0000e+00
3458.3 3.3345e-05
3459.3 0.0000e+00
3460.3 3.2050e-05
3461.3 0.0000e+00
3462.3 3.1726e-05
3463.3 0.0000e+00
3464.3 3.1618e-05
3465.3 0.0000e+00
3466.3 3.2041e-05
3467.3 0.0000e+00
3468.3 3.1928e-05
3469.3 0.0000e+00
3470.3 3.1879e-05
3471.3 0.0000e+00
3472.3 3.1867e-05
3473.3 0.0000e+00
3474.3 3.1844e-05
3475.3 0.0000e+00
3476.3 3.1731e-05
3477.3 0.0000e+00
3478.3 3.2313e-05
3479.3 0.0000e+00
3480.3 3.3861e-05
3481.3 0.0000e+00
3482.3 3.4015e-05
3483.3 0.0000e+00
3484.3 3.2962e-05
3485.3 0.0000e+00
3486.3 3.2593e-05
3487.3 0.0000e+00
3488.3 3.2310e-05
3489.3 0.0000e+00
3490.3 3.2462e-05
3491.3 0.0000e+00
3492.3 3.2476e-05
3493.3 0.0000e+00
3494.3 3.2280e-05
3495.3 0.0000e+00
3496.3 3.2760e-05
3497.3 0.0000e+00
3498.3 3.2705e-05
3499.3 0.0000e+00
3500.3 3.2442e-05
3501.3 0.0000e+00
3502.3 3.2341e-05
3503.3 0.0000e+00
3504.3 3.2316e-05
3505.3 0.0000e+00
3506.3 3.2597e-05
3507.3 0.0000e+00
3508.3 3.2669e-05
3509.3 0.0000e+00
3510.3 3.2604e-05
3511.3 0.0000e+00
3512.3 3.2785e-05
3513.3 0.0000e+00
3514.3 3.2890e-05
3515.3 0.0000e+00
3516.3 3.2727e-05
3517.3 0.0000e+00
3518.3 3.3121e-05
3519.3 0.0000e+00
3520.3 3.2894e-05
3521.3 0.0000e+00
3522.3 3.3241e-05
3523.3 0.0000e+00
3524.3 3.5308e-05
3525.3 0.0000e+00
3526.3 4.0590e-05
3527.3 0.0000e+00
3528.3 4.5828e-05
3529.3 0.0000e+00
3530.3 4.3134e-05
3531.3 0.0000e+00
3532.3 4.2752e-05
3533.3 0.0000e+00
3534.3 3.5166e-05
3535.3 0.0000e+00
3536.3 3.3808e-05
3537.3 0.0000e+00
3538.3 3.3192e-05
3539.3 0.0000e+00
3540.3 3.2962e-05
3541.3 0.0000e+00
3542.3 3.2712e-05
3543.3 0.0000e+00
3544.3 3.2856e-05
3545.3 0.0000e+00
3546.3 3.2752e-05
3547.3 0.0000e+00
3548.3 3.4571e-05
3549.3 0.0000e+00
3550.3 3.5333e-05
3551.3 0.0000e+00
3552.3 3.4731e-05
3553.3 0.0000e+00
3554.3 3.4795e-05
3555.3 0.0000e+00
3556.3 3.2428e-05
3557.3 0.0000e+00
3558.3 3.3414e-05
3559.3 0.0000e+00
3560.3 3.2997e-05
3561.3 0.0000e+00
3562.3 3.6810e-05
3563.3 0.0000e+00
3564.3 3.7550e-05
3565.3 0.0000e+00
3566.3 3.4232e-05
3567.3 0.0000e+00
3568.3 3.3834e-05
3569.3 0.0000e+00
3570.3 3.4534e-05
3571.3 0.0000e+00
3572.3 3.8305e-05
3573.3 0.0000e+00
3574.3 3.8229e-05
3575.3 0.0000e+00
3576.3 3.4493e-05
3577.3 0.0000e+00
3578.3 3.2837e-05
3579.3 0.0000e+00
3580.3 3.3613e-05
3581.3 0.0000e+00
3582.3 3.3570e-05
3583.3 0.0000e+00
3584.3 3.3693e-05
3585.3 0.0000e+00
3586.3 3.2988e-05
3587.3 0.0000e+00
3588.3 3.2906e-05
3589.3 0.0000e+00
3590.3 3.3293e-05
3591.3 0.0000e+00
3592.3 3.2782e-05
3593.3 0.0000e+00
3594.3 3.7611e-05
3595.3 0.0000e+00
3596.3 3.3543e-05
3597.3 0.0000e+00
3598.3 3.5834e-05
3599.3 0.0000e+00
3600.3 3.4154e-05
3601.3 0.0000e+00
3602.3 3.3038e-05
3603.3 0.0000e+00
3604.3 3.2036e-05
3605.3 0.0000e+00
3606.3 5.9500e-05
3607.3 3.2279e-05
3608.3 7.3495e-05
3609.3 0.0000e+00
3610.3 8.2550e-05
3611.3 2.8351e-05
3612.3 3.9150e-05
3613.3 0.0000e+00
3614.3 3.2386e-05
3615.3 0.0000e+00
3616.3 3.2708e-05
3617.3 0.0000e+00
3618.3 3.2772e-05
3619.3 0.0000e+00
3620.3 3.3426e-05
3621.3 0.0000e+00
3622.3 3.3015e-05
3623.3 0.0000e+00
3624.3 3.3043e-05
3625.3 0.0000e+00
3626.3 3.2905e-05
3627.3 0.0000e+00
3628.3 3.3097e-05
3629.3 0.0000e+00
3630.3 3.2934e-05
3631.3 0.0000e+00
3632.3 3.3729e-05
3633.3 0.0000e+00
3634.3 3.3778e-05
3635.3 0.0000e+00
3636.3 3.3413e-05
3637.3 0.0000e+00
3638.3 3.3175e-05
3639.3 0.0000e+00
3640.3 3.3091e-05
3641.3 0.0000e+00
3642.3 3.3106e-05
3643.3 0.0000e+00
3644.3 3.3313e-05
3645.3 0.0000e+00
3646.3 3.3351e-05
3647.3 0.0000e+00
3648.3 3.4050e-05
3649.3 0.0000e+00
3650.3 3.4512e-05
3651.3 0.0000e+00
3652.3 3.4428e-05
3653.3 0.0000e+00
3654.3 3.3644e-05
3655.3 0.0000e+00
3656.3 3.3244e-05
3657.3 0.0000e+00
3658.3 3.3294e-05
3659.3 0.0000e+00
3660.3 3.3326e-05
3661.3 0.0000e+00
3662.3 3.3522e-05
3663.3 0.0000e+00
3664.3 3.3506e-05
3665.3 0.0000e+00
3666.3 3.5691e-05
3667.3 0.0000e+00
3668.3 3.4972e-05
3669.3 0.0000e+00
3670.3 3.7320e-05
3671.3 0.0000e+00
3672.3 4.4759e-05
3673.3 0.0000e+00
3674.3 7.1057e-05
3675.3 1.2462e-05
3676.3 7.8954e-05
3677.3 0.0000e+00
3678.3 5.3787e-05
3679.3 0.0000e+00
3680.3 3.9208e-05
3681.3 0.0000e+00
3682.3 3.4432e-05
3683.3 0.0000e+00
3684.3 3.3476e-05
3685.3 0.0000e+00
3686.3 3.4465e-05
3687.3 0.0000e+00
3688.3 3.2993e-05
3689.3 0.0000e+00
3690.3 3.3346e-05
3691.3 0.0000e+00
3692.3 3.3083e-05
3693.3 0.0000e+00
3694.3 3.4221e-05
3695.3 0.0000e+00
3696.3 3.3282e-05
3697.3 0.0000e+00
3698.3 3.3770e-05
3699.3 0.0000e+00
3700.3 3.3243e-05
3701.3 0.0000e+00
3702.3 3.3122e-05
3703.3 0.0000e+00
3704.3 3.3011e-05
3705.3 0.0000e+00
3706.3 3.2906e-05
3707.3 0.0000e+00
3708.3 3.3146e-05
3709.3 0.0000e+00
3710.3 3.3293e-05
3711.3 0.0000e+00
3712.3 3.3005e-05
3713.3 0.0000e+00
3714.3 3.2834e-05
3715.3 0.0000e+00
3716.3 3.4790e-05
3717.3 0.0000e+00
3718.3 3.3576e-05
3719.3 0.0000e+00
3720.3 3.4729e-05
3721.3 0.0000e+00
3722.3 3.3493e-05
3723.3 0.0000e+00
3724.3 3.4231e-05
3725.3 0.0000e+00
3726.3 3.3103e-05
3727.3 0.0000e+00
3728.3 3.3868e-05
3729.3 0.0000e+00
3730.3 3.2764e-05
3731.3 0.0000e+00
3732.3 3.2950e-05
3733.3 0.0000e+00
3734.3 3.2980e-05
3735.3 0.0000e+00
3736.3 3.3082e-05
3737.3 0.0000e+00
3738.3 3.3077e-05
3739.3 0.0000e+00
3740.3 3.3000e-05
3741.3 0.0000e+00
3742.3 3.3085e-05
3743.3 0.0000e+00
3744.3 3.3251e-05
3745.3 0.0000e+00
3746.3 3.2919e-05
3747.3 0.0000e+00
3748.3 3.3112e-05
3749.3 0.0000e+00
3750.3 3.3071e-05
3751.3 0.0000e+00
3752.3 3.2716e-05
3753.3 0.0000e+00
3754.3 3.2697e-05
3755.3 0.0000e+00
3756.3 3.2878e-05
3757.3 0.0000e+00
3758.3 3.2943e-05
3759.3 0.0000e+00
3760.3 3.3017e-05
3761.3 0.0000e+00
3762.3 3.3126e-05
3763.3 0.0000e+00
3764.3 3.2974e-05
3765.3 0.0000e+00
3766.3 3.2821e-05
3767.3 0.0000e+00
3768.3 3.2985e-05
3769.3 0.0000e+00
3770.3 3.2647e-05
3771.3 0.0000e+00
3772.3 3.2828e-05
3773.3 0.0000e+00
3774.3 3.2836e-05
3775.3 0.0000e+00
3776.3 3.2634e-05
3777.3 0.0000e+00
3778.3 3.2440e-05
3779.3 0.0000e+00
3780.3 3.2411e-05
3781.3 0.0000e+00
3782.3 3.2310e-05
3783.3 0.0000e+00
3784.3 3.2014e-05
3785.3 0.0000e+00
3786.3 3.1929e-05
3787.3 0.0000e+00
3788.3 3.1178e-05
3789.3 0.0000e+00
3790.3 3.2244e-05
3791.3 0.0000e+00
3792.3 4.6988e-05
3793.3 1.3369e-05
3794.3 6.5851e-05
3795.3 2.9616e-05
3796.3 8.5801e-05
3797.3 0.0000e+00
3798.3 6.1926e-05
3799.3 0.0000e+00
