# Freq_MD (cm^-1) Inten_MD (Normalized intensity)
300.0 0.0000e+00
301.0 1.7168e-04
302.0 0.0000e+00
303.0 1.7729e-04
304.0 0.0000e+00
305.0 2.0534e-04
306.0 0.0000e+00
307.0 2.4771e-04
308.0 0.0000e+00
309.0 2.5650e-04
310.0 0.0000e+00
311.0 2.7091e-04
312.0 0.0000e+00
313.0 2.9676e-04
314.0 0.0000e+00
315.0 3.2047e-04
316.0 0.0000e+00
317.0 3.3518e-04
318.0 0.0000e+00
319.0 3.5091e-04
320.0 0.0000e+00
321.0 3.7113e-04
322.0 0.0000e+00
323.0 3.9831e-04
324.0 0.0000e+00
325.0 4.2584e-04
326.0 0.0000e+00
327.0 4.4867e-04
328.0 0.0000e+00
329.0 6.2053e-04
330.0 0.0000e+00
331.0 5.1854e-04
332.0 0.0000e+00
333.0 5.4887e-04
334.0 0.0000e+00
335.0 5.1064e-04
336.0 0.0000e+00
337.0 5.5086e-04
338.0 0.0000e+00
339.0 5.9141e-04
340.0 0.0000e+00
341.0 6.5536e-04
342.0 0.0000e+00
343.0 6.6672e-04
344.0 0.0000e+00
345.0 6.3833e-04
346.0 0.0000e+00
347.0 6.5611e-04
348.0 0.0000e+00
349.0 7.2354e-04
350.0 0.0000e+00
351.0 7.7865e-04
352.0 0.0000e+00
353.0 7.5846e-04
354.0 0.0000e+00
355.0 7.8584e-04
356.0 0.0000e+00
357.0 8.1499e-04
358.0 0.0000e+00
359.0 8.4534e-04
360.0 0.0000e+00
361.0 8.7590e-04
362.0 0.0000e+00
363.0 9.0289e-04
364.0 0.0000e+00
365.0 9.3800e-04
366.0 0.0000e+00
367.0 9.7064e-04
368.0 0.0000e+00
369.0 9.9911e-04
370.0 0.0000e+00
371.0 1.0524e-03
372.0 0.0000e+00
373.0 1.1585e-03
374.0 0.0000e+00
375.0 1.3034e-03
376.0 0.0000e+00
377.0 1.3335e-03
378.0 0.0000e+00
379.0 1.3073e-03
380.0 0.0000e+00
381.0 1.2976e-03
382.0 0.0000e+00
383.0 1.3402e-03
384.0 0.0000e+00
385.0 1.4113e-03
386.0 0.0000e+00
387.0 1.4058e-03
388.0 0.0000e+00
389.0 1.4555e-03
390.0 0.0000e+00
391.0 1.5179e-03
392.0 0.0000e+00
393.0 1.5654e-03
394.0 0.0000e+00
395.0 1.6420e-03
396.0 0.0000e+00
397.0 1.6708e-03
398.0 0.0000e+00
399.0 1.7430e-03
400.0 0.0000e+00
401.0 1.8682e-03
402.0 0.0000e+00
403.0 1.9241e-03
404.0 0.0000e+00
405.0 1.9622e-03
406.0 0.0000e+00
407.0 2.0334e-03
408.0 0.0000e+00
409.0 2.1290e-03
410.0 0.0000e+00
411.0 2.2374e-03
412.0 0.0000e+00
413.0 2.3278e-03
414.0 0.0000e+00
415.0 2.4106e-03
416.0 0.0000e+00
417.0 2.5212e-03
418.0 0.0000e+00
419.0 2.6317e-03
420.0 0.0000e+00
421.0 2.7605e-03
422.0 0.0000e+00
423.0 2.9028e-03
424.0 0.0000e+00
425.0 3.0451e-03
426.0 0.0000e+00
427.0 3.2013e-03
428.0 0.0000e+00
429.0 3.3939e-03
430.0 0.0000e+00
431.0 3.5790e-03
432.0 0.0000e+00
433.0 3.7965e-03
434.0 0.0000e+00
435.0 4.0227e-03
436.0 0.0000e+00
437.0 4.2947e-03
438.0 0.0000e+00
439.0 4.5887e-03
440.0 0.0000e+00
441.0 4.9237e-03
442.0 0.0000e+00
443.0 5.3068e-03
444.0 0.0000e+00
445.0 5.7388e-03
446.0 0.0000e+00
447.0 6.2557e-03
448.0 0.0000e+00
449.0 6.9390e-03
450.0 0.0000e+00
451.0 7.6776e-03
452.0 0.0000e+00
453.0 8.6462e-03
454.0 0.0000e+00
455.0 9.8414e-03
456.0 0.0000e+00
457.0 1.1582e-02
458.0 0.0000e+00
459.0 1.4847e-02
460.0 0.0000e+00
461.0 2.2077e-02
462.0 0.0000e+00
463.0 6.5079e-02
464.0 3.9891e-01
465.0 0.0000e+00
466.0 3.6255e-01
467.0 8.6010e-02
468.0 0.0000e+00
469.0 2.8736e-01
470.0 0.0000e+00
471.0 3.4161e-01
472.0 1.3749e-01
473.0 6.2390e-02
474.0 4.0373e-01
475.0 0.0000e+00
476.0 6.0947e-02
477.0 0.0000e+00
478.0 3.6051e-02
479.0 0.0000e+00
480.0 2.5399e-02
481.0 0.0000e+00
482.0 1.9758e-02
483.0 0.0000e+00
484.0 1.6260e-02
485.0 0.0000e+00
486.0 1.3901e-02
487.0 0.0000e+00
488.0 1.2168e-02
489.0 0.0000e+00
490.0 1.0693e-02
491.0 0.0000e+00
492.0 9.5218e-03
493.0 0.0000e+00
494.0 8.6168e-03
495.0 0.0000e+00
496.0 7.9128e-03
497.0 0.0000e+00
498.0 7.3264e-03
499.0 0.0000e+00
500.0 6.8212e-03
501.0 0.0000e+00
502.0 6.3825e-03
503.0 0.0000e+00
504.0 6.0069e-03
505.0 0.0000e+00
506.0 5.6755e-03
507.0 0.0000e+00
508.0 5.3921e-03
509.0 0.0000e+00
510.0 5.1247e-03
511.0 0.0000e+00
512.0 4.8938e-03
513.0 0.0000e+00
514.0 4.7243e-03
515.0 0.0000e+00
516.0 4.6367e-03
517.0 0.0000e+00
518.0 4.4300e-03
519.0 0.0000e+00
520.0 4.2109e-03
521.0 0.0000e+00
522.0 4.2486e-03
523.0 0.0000e+00
524.0 4.3206e-03
525.0 0.0000e+00
526.0 4.0826e-03
527.0 0.0000e+00
528.0 3.6562e-03
529.0 0.0000e+00
530.0 3.5591e-03
531.0 0.0000e+00
532.0 3.5260e-03
533.0 0.0000e+00
534.0 3.4243e-03
535.0 0.0000e+00
536.0 3.2715e-03
537.0 0.0000e+00
538.0 3.1929e-03
539.0 0.0000e+00
540.0 3.1794e-03
541.0 0.0000e+00
542.0 3.1459e-03
543.0 0.0000e+00
544.0 3.0789e-03
545.0 0.0000e+00
546.0 2.9812e-03
547.0 0.0000e+00
548.0 2.9185e-03
549.0 0.0000e+00
550.0 2.8641e-03
551.0 0.0000e+00
552.0 2.8473e-03
553.0 0.0000e+00
554.0 2.8122e-03
555.0 0.0000e+00
556.0 2.8001e-03
557.0 0.0000e+00
558.0 2.7679e-03
559.0 0.0000e+00
560.0 2.7412e-03
561.0 0.0000e+00
562.0 2.7400e-03
563.0 0.0000e+00
564.0 2.7669e-03
565.0 0.0000e+00
566.0 2.7483e-03
567.0 0.0000e+00
568.0 2.9109e-03
569.0 0.0000e+00
570.0 2.8516e-03
571.0 0.0000e+00
572.0 2.8518e-03
573.0 0.0000e+00
574.0 3.2133e-03
575.0 0.0000e+00
576.0 3.1301e-03
577.1 0.0000e+00
578.1 3.2881e-03
579.1 0.0000e+00
580.1 3.2331e-03
581.1 0.0000e+00
582.1 3.4676e-03
583.1 0.0000e+00
584.1 3.7350e-03
585.1 0.0000e+00
586.1 4.0752e-03
587.1 0.0000e+00
588.1 4.5103e-03
589.1 0.0000e+00
590.1 5.1028e-03
591.1 0.0000e+00
592.1 6.0125e-03
593.1 0.0000e+00
594.1 7.3218e-03
595.1 0.0000e+00
596.1 9.2892e-03
597.1 0.0000e+00
598.1 1.2600e-02
599.1 0.0000e+00
600.1 1.8516e-02
601.1 0.0000e+00
602.1 3.2089e-02
603.1 0.0000e+00
604.1 7.1699e-02
605.1 0.0000e+00
606.1 4.1972e-01
607.1 1.0000e+00
608.1 0.0000e+00
609.1 4.3067e-01
610.1 0.0000e+00
611.1 9.9447e-01
612.1 4.5445e-01
613.1 0.0000e+00
614.1 9.3506e-02
615.1 0.0000e+00
616.1 4.3292e-02
617.1 0.0000e+00
618.1 2.9866e-02
619.1 0.0000e+00
620.1 1.4922e-02
621.1 0.0000e+00
622.1 1.1928e-02
623.1 0.0000e+00
624.1 8.9488e-03
625.1 0.0000e+00
626.1 7.7067e-03
627.1 0.0000e+00
628.1 6.6678e-03
629.1 0.0000e+00
630.1 5.8908e-03
631.1 0.0000e+00
632.1 5.3253e-03
633.1 0.0000e+00
634.1 4.9153e-03
635.1 0.0000e+00
636.1 4.7277e-03
637.1 0.0000e+00
638.1 4.3663e-03
639.1 0.0000e+00
640.1 4.3460e-03
641.1 0.0000e+00
642.1 4.1293e-03
643.1 0.0000e+00
644.1 4.1674e-03
645.1 0.0000e+00
646.1 4.3366e-03
647.1 0.0000e+00
648.1 4.8081e-03
649.1 0.0000e+00
650.1 6.0659e-03
651.1 0.0000e+00
652.1 1.8558e-02
653.1 2.1145e-03
654.1 9.7338e-03
655.1 2.7284e-02
656.1 0.0000e+00
657.1 1.4264e-02
658.1 4.1476e-03
659.1 0.0000e+00
660.1 2.1863e-02
661.1 0.0000e+00
662.1 1.9836e-02
663.1 6.2233e-03
664.1 0.0000e+00
665.1 1.0997e-03
666.1 2.5908e-03
667.1 0.0000e+00
668.1 6.7543e-04
669.1 0.0000e+00
670.1 7.6584e-04
671.1 0.0000e+00
672.1 8.4132e-04
673.1 0.0000e+00
674.1 8.2614e-04
675.1 0.0000e+00
676.1 8.6171e-04
677.1 0.0000e+00
678.1 8.9838e-04
679.1 0.0000e+00
680.1 9.0256e-04
681.1 0.0000e+00
682.1 9.6157e-04
683.1 0.0000e+00
684.1 9.8187e-04
685.1 0.0000e+00
686.1 8.9976e-04
687.1 0.0000e+00
688.1 8.6170e-04
689.1 0.0000e+00
690.1 9.4463e-04
691.1 0.0000e+00
692.1 9.0883e-04
693.1 0.0000e+00
694.1 9.0679e-04
695.1 0.0000e+00
696.1 7.7610e-04
697.1 0.0000e+00
698.1 7.5796e-04
699.1 0.0000e+00
700.1 7.1212e-04
701.1 0.0000e+00
702.1 6.5125e-04
703.1 0.0000e+00
704.1 5.5167e-04
705.1 0.0000e+00
706.1 1.1401e-03
707.1 0.0000e+00
708.1 8.6139e-04
709.1 0.0000e+00
710.1 9.2950e-04
711.1 0.0000e+00
712.1 5.4417e-04
713.1 0.0000e+00
714.1 6.7782e-04
715.1 0.0000e+00
716.1 4.6721e-04
717.1 2.5385e-05
718.1 8.1705e-05
719.1 6.9664e-04
720.1 0.0000e+00
721.1 2.7694e-03
722.1 4.3983e-03
723.1 0.0000e+00
724.1 7.4089e-03
725.1 0.0000e+00
726.1 2.5101e-03
727.1 5.2504e-03
728.1 0.0000e+00
729.1 7.1805e-03
730.1 9.7626e-04
731.1 4.2420e-03
732.1 5.9976e-03
733.1 0.0000e+00
734.1 2.2591e-03
735.1 2.9047e-03
736.1 0.0000e+00
737.1 6.0775e-03
738.1 0.0000e+00
739.1 2.2245e-02
740.1 7.4022e-02
741.1 0.0000e+00
742.1 7.6288e-02
743.1 2.3722e-02
744.1 6.3962e-03
745.1 5.2641e-02
746.1 0.0000e+00
747.1 6.3466e-02
748.1 2.8838e-02
749.1 2.4106e-02
750.1 8.1064e-02
751.1 0.0000e+00
752.1 1.0059e-02
753.1 0.0000e+00
754.1 6.4045e-03
755.1 0.0000e+00
756.1 4.9885e-03
757.1 0.0000e+00
758.1 4.2834e-03
759.1 0.0000e+00
760.1 3.7188e-03
761.1 0.0000e+00
762.1 3.1856e-03
763.1 0.0000e+00
764.1 3.0947e-03
765.1 0.0000e+00
766.1 4.1908e-03
767.1 0.0000e+00
768.1 3.7881e-03
769.1 0.0000e+00
770.1 2.4847e-03
771.1 0.0000e+00
772.1 2.2989e-03
773.1 0.0000e+00
774.1 3.2169e-03
775.1 0.0000e+00
776.1 3.5438e-03
777.1 0.0000e+00
778.1 2.2318e-03
779.1 0.0000e+00
780.1 2.2284e-03
781.1 0.0000e+00
782.1 2.1606e-03
783.1 0.0000e+00
784.1 2.3013e-03
785.1 0.0000e+00
786.1 2.1419e-03
787.1 0.0000e+00
788.1 1.9277e-03
789.1 0.0000e+00
790.1 1.9085e-03
791.1 0.0000e+00
792.1 1.8612e-03
793.1 0.0000e+00
794.1 2.1060e-03
795.1 9.3210e-04
796.1 2.9109e-03
797.1 0.0000e+00
798.1 2.4533e-03
799.1 0.0000e+00
800.1 4.1501e-03
801.1 0.0000e+00
802.1 2.1472e-03
803.1 0.0000e+00
804.1 2.0449e-03
805.1 0.0000e+00
806.1 1.9740e-03
807.1 0.0000e+00
808.1 2.0559e-03
809.1 0.0000e+00
810.1 1.9640e-03
811.1 0.0000e+00
812.1 1.9653e-03
813.1 0.0000e+00
814.1 1.9170e-03
815.1 0.0000e+00
816.1 1.8770e-03
817.1 0.0000e+00
818.1 1.8348e-03
819.1 0.0000e+00
820.1 1.8377e-03
821.1 0.0000e+00
822.1 1.8383e-03
823.1 0.0000e+00
824.1 1.8416e-03
825.1 0.0000e+00
826.1 1.8426e-03
827.1 0.0000e+00
828.1 1.8441e-03
829.1 0.0000e+00
830.1 1.9024e-03
831.1 0.0000e+00
832.1 1.9391e-03
833.1 0.0000e+00
834.1 1.9500e-03
835.1 0.0000e+00
836.1 1.9108e-03
837.1 0.0000e+00
838.1 1.9280e-03
839.1 0.0000e+00
840.1 1.9487e-03
841.1 0.0000e+00
842.1 1.8773e-03
843.1 0.0000e+00
844.1 2.1146e-03
845.1 0.0000e+00
846.1 4.5972e-03
847.1 0.0000e+00
848.1 3.5398e-03
849.1 0.0000e+00
850.1 4.0882e-03
851.1 0.0000e+00
852.1 1.7784e-03
853.1 0.0000e+00
854.1 2.3147e-03
855.1 0.0000e+00
856.1 1.8258e-03
857.1 0.0000e+00
858.1 3.4030e-03
859.1 0.0000e+00
860.1 3.9192e-03
861.1 0.0000e+00
862.1 2.6127e-03
863.1 0.0000e+00
864.1 1.5901e-03
865.1 3.5282e-04
866.1 1.4846e-03
867.1 1.0109e-03
868.1 1.0141e-03
869.1 5.6185e-03
870.1 0.0000e+00
871.1 1.8223e-01
872.1 3.0300e-01
873.1 3.5854e-01
874.1 2.2623e-01
875.1 3.5340e-01
876.1 2.5441e-01
877.1 1.6562e-01
878.1 2.9020e-01
879.1 1.7708e-01
880.1 3.8332e-01
881.1 3.6162e-01
882.1 2.7606e-01
883.1 3.4037e-01
884.1 0.0000e+00
885.1 8.3238e-02
886.1 4.3774e-02
887.1 3.8786e-03
888.1 0.0000e+00
889.1 7.8673e-03
890.1 0.0000e+00
891.1 5.2527e-03
892.1 0.0000e+00
893.1 2.9843e-03
894.1 0.0000e+00
895.1 3.6139e-03
896.1 0.0000e+00
897.1 5.3321e-03
898.1 0.0000e+00
899.1 4.4453e-03
900.1 0.0000e+00
901.1 2.4361e-03
902.1 0.0000e+00
903.1 2.5977e-03
904.1 0.0000e+00
905.1 3.1184e-03
906.1 0.0000e+00
907.1 4.3001e-03
908.1 0.0000e+00
909.1 1.2139e-02
910.1 1.7393e-02
911.1 0.0000e+00
912.1 3.3851e-02
913.1 0.0000e+00
914.1 6.4323e-03
915.1 2.1677e-02
916.1 0.0000e+00
917.1 5.2096e-02
918.1 5.5634e-03
919.1 1.4861e-02
920.1 3.0084e-02
921.1 0.0000e+00
922.1 7.9270e-03
923.1 0.0000e+00
924.1 5.3822e-03
925.1 0.0000e+00
926.1 4.4261e-03
927.1 0.0000e+00
928.1 4.1223e-03
929.1 0.0000e+00
930.1 4.0725e-03
931.1 0.0000e+00
932.1 4.2503e-03
933.1 0.0000e+00
934.1 4.7248e-03
935.1 0.0000e+00
936.1 5.6319e-03
937.1 0.0000e+00
938.1 7.4778e-03
939.1 0.0000e+00
940.1 1.2006e-02
941.1 0.0000e+00
942.1 8.2603e-02
943.1 7.6519e-03
944.1 3.4158e-02
945.1 6.2670e-02
946.1 0.0000e+00
947.1 5.7748e-02
948.1 0.0000e+00
949.1 2.2123e-02
950.1 6.9489e-02
951.1 0.0000e+00
952.1 8.3579e-02
953.1 8.0756e-03
954.1 0.0000e+00
955.1 2.3739e-03
956.1 0.0000e+00
957.1 1.5512e-03
958.1 0.0000e+00
959.1 1.3146e-03
960.1 0.0000e+00
961.1 9.6822e-04
962.1 0.0000e+00
963.1 6.6371e-04
964.1 0.0000e+00
965.1 5.6651e-04
966.1 0.0000e+00
967.1 6.6302e-04
968.1 0.0000e+00
969.1 6.7931e-04
970.1 0.0000e+00
971.1 3.2689e-04
972.1 0.0000e+00
973.1 2.7658e-04
974.1 0.0000e+00
975.1 2.1683e-04
976.1 0.0000e+00
977.1 1.8510e-04
978.1 0.0000e+00
979.1 1.3884e-04
980.1 0.0000e+00
981.1 2.9646e-04
982.1 6.3766e-05
983.1 1.1916e-04
984.1 1.5209e-04
985.1 0.0000e+00
986.1 2.3710e-04
987.1 7.1488e-05
988.1 9.2530e-05
989.1 1.3204e-04
990.1 1.6084e-04
991.1 1.3595e-04
992.1 2.2167e-04
993.1 1.1049e-04
994.1 2.0401e-05
995.1 1.9411e-04
996.1 0.0000e+00
997.1 4.4477e-04
998.1 0.0000e+00
999.1 5.1632e-03
1000.1 1.6396e-02
1001.1 2.0196e-03
1002.1 2.8651e-03
1003.1 0.0000e+00
1004.1 1.0429e-02
1005.1 1.2123e-02
1006.1 0.0000e+00
1007.1 3.8544e-04
1008.1 0.0000e+00
1009.1 1.9089e-04
1010.1 4.5874e-06
1011.1 5.3613e-05
1012.1 8.2053e-05
1013.1 0.0000e+00
1014.1 9.4671e-05
1015.1 0.0000e+00
1016.1 1.2718e-04
1017.1 0.0000e+00
1018.1 1.4116e-04
1019.1 0.0000e+00
1020.1 1.5221e-04
1021.1 0.0000e+00
1022.1 1.8638e-04
1023.1 0.0000e+00
1024.1 2.1011e-04
1025.1 0.0000e+00
1026.1 2.4236e-04
1027.1 0.0000e+00
1028.1 2.2374e-04
1029.1 0.0000e+00
1030.1 2.2332e-04
1031.1 0.0000e+00
1032.1 2.6325e-04
1033.1 0.0000e+00
1034.1 2.2350e-04
1035.1 0.0000e+00
1036.1 2.4722e-04
1037.1 0.0000e+00
1038.1 2.6171e-04
1039.1 0.0000e+00
1040.1 2.9995e-04
1041.1 0.0000e+00
1042.1 3.1262e-04
1043.1 0.0000e+00
1044.1 2.6622e-04
1045.1 0.0000e+00
1046.1 2.7967e-04
1047.1 0.0000e+00
1048.1 2.9019e-04
1049.1 0.0000e+00
1050.1 3.0364e-04
1051.1 0.0000e+00
1052.1 3.0943e-04
1053.1 0.0000e+00
1054.1 3.4014e-04
1055.1 0.0000e+00
1056.1 3.7065e-04
1057.1 0.0000e+00
1058.1 3.0267e-04
1059.1 0.0000e+00
1060.1 3.5995e-04
1061.1 0.0000e+00
1062.1 3.6174e-04
1063.1 0.0000e+00
1064.1 3.8018e-04
1065.1 0.0000e+00
1066.1 4.3080e-04
1067.1 0.0000e+00
1068.1 3.3725e-04
1069.1 0.0000e+00
1070.1 3.4264e-04
1071.1 0.0000e+00
1072.1 3.3622e-04
1073.1 0.0000e+00
1074.1 3.8655e-04
1075.1 0.0000e+00
1076.1 4.0924e-04
1077.1 0.0000e+00
1078.1 4.1686e-04
1079.1 0.0000e+00
1080.1 3.6575e-04
1081.1 0.0000e+00
1082.1 4.4977e-04
1083.1 0.0000e+00
1084.1 3.9487e-04
1085.1 0.0000e+00
1086.1 4.2137e-04
1087.1 0.0000e+00
1088.1 3.6758e-04
1089.1 0.0000e+00
1090.1 3.7016e-04
1091.1 0.0000e+00
1092.1 3.7315e-04
1093.1 0.0000e+00
1094.1 3.7989e-04
1095.1 0.0000e+00
1096.1 3.8759e-04
1097.1 0.0000e+00
1098.1 3.9296e-04
1099.1 0.0000e+00
1100.1 4.0235e-04
1101.1 0.0000e+00
1102.1 4.0317e-04
1103.1 0.0000e+00
1104.1 4.1506e-04
1105.1 0.0000e+00
1106.1 4.2902e-04
1107.1 0.0000e+00
1108.1 4.3498e-04
1109.1 0.0000e+00
1110.1 4.5158e-04
1111.1 0.0000e+00
1112.1 4.8400e-04
1113.1 0.0000e+00
1114.1 6.4320e-04
1115.1 0.0000e+00
1116.1 4.4320e-04
1117.1 0.0000e+00
1118.1 5.6936e-04
1119.1 0.0000e+00
1120.1 5.3643e-04
1121.1 0.0000e+00
1122.1 5.8884e-04
1123.1 0.0000e+00
1124.1 7.2534e-04
1125.1 0.0000e+00
1126.1 7.3363e-04
1127.1 0.0000e+00
1128.1 6.0774e-04
1129.1 0.0000e+00
1130.1 8.7999e-04
1131.1 0.0000e+00
1132.1 7.6110e-04
1133.1 0.0000e+00
1134.1 8.8856e-04
1135.1 0.0000e+00
1136.1 8.6667e-04
1137.1 0.0000e+00
1138.1 8.3779e-04
1139.1 0.0000e+00
1140.1 9.3245e-04
1141.1 0.0000e+00
1142.1 1.1655e-03
1143.1 0.0000e+00
1144.1 1.4355e-03
1145.1 0.0000e+00
1146.1 2.4603e-03
1147.1 0.0000e+00
1148.1 7.6018e-03
1149.1 2.4417e-03
1150.1 1.7844e-02
1151.1 0.0000e+00
1152.1 1.6934e-02
1153.1 2.0496e-02
1154.1 0.0000e+00
1155.1 1.6414e-02
1156.1 0.0000e+00
1157.1 1.1735e-02
1158.1 1.8634e-02
1159.1 0.0000e+00
1160.1 1.9300e-02
1161.1 5.6491e-04
1162.1 2.5619e-03
1163.1 3.2845e-05
1164.1 1.2619e-03
1165.1 0.0000e+00
1166.1 1.7442e-03
1167.1 7.7495e-04
1168.1 0.0000e+00
1169.1 0.0000e+00
1170.1 1.2511e-04
1171.1 0.0000e+00
1172.1 1.6410e-04
1173.1 0.0000e+00
1174.1 1.8466e-04
1175.1 0.0000e+00
1176.1 2.3070e-04
1177.1 0.0000e+00
1178.1 2.2399e-04
1179.1 0.0000e+00
1180.1 2.1025e-04
1181.1 0.0000e+00
1182.1 2.2578e-04
1183.1 0.0000e+00
1184.1 2.5620e-04
1185.1 0.0000e+00
1186.1 3.0850e-04
1187.1 0.0000e+00
1188.1 2.7487e-04
1189.1 0.0000e+00
1190.1 2.2898e-04
1191.1 0.0000e+00
1192.1 2.2917e-04
1193.1 0.0000e+00
1194.1 2.7653e-04
1195.1 0.0000e+00
1196.1 2.5515e-04
1197.1 0.0000e+00
1198.1 2.5277e-04
1199.1 0.0000e+00
1200.1 2.5773e-04
1201.1 0.0000e+00
1202.1 2.6166e-04
1203.1 0.0000e+00
1204.1 2.8460e-04
1205.1 0.0000e+00
1206.1 2.9719e-04
1207.1 0.0000e+00
1208.1 2.9562e-04
1209.1 0.0000e+00
1210.1 2.6999e-04
1211.1 0.0000e+00
1212.1 2.6408e-04
1213.1 0.0000e+00
1214.1 3.3055e-04
1215.1 0.0000e+00
1216.1 4.5135e-04
1217.1 0.0000e+00
1218.1 6.5486e-04
1219.1 0.0000e+00
1220.1 6.3561e-04
1221.1 1.9303e-04
1222.1 2.8241e-04
1223.1 0.0000e+00
1224.1 3.8164e-04
1225.1 0.0000e+00
1226.1 6.8153e-04
1227.1 0.0000e+00
1228.1 6.2084e-04
1229.1 0.0000e+00
1230.1 3.2854e-04
1231.1 0.0000e+00
1232.1 3.4850e-04
1233.1 0.0000e+00
1234.1 3.5715e-04
1235.1 0.0000e+00
1236.1 3.4763e-04
1237.1 0.0000e+00
1238.1 4.2292e-04
1239.1 0.0000e+00
1240.1 4.5006e-04
1241.1 0.0000e+00
1242.1 4.7286e-04
1243.1 0.0000e+00
1244.1 3.9709e-04
1245.1 0.0000e+00
1246.1 4.7629e-04
1247.1 0.0000e+00
1248.1 4.4742e-04
1249.1 0.0000e+00
1250.1 4.6923e-04
1251.1 0.0000e+00
1252.1 4.9176e-04
1253.1 0.0000e+00
1254.1 5.3394e-04
1255.1 0.0000e+00
1256.1 5.6631e-04
1257.1 0.0000e+00
1258.1 6.1308e-04
1259.1 0.0000e+00
1260.1 6.6551e-04
1261.1 0.0000e+00
1262.1 7.4707e-04
1263.1 0.0000e+00
1264.1 8.5131e-04
1265.1 0.0000e+00
1266.1 9.9264e-04
1267.1 0.0000e+00
1268.1 1.1710e-03
1269.1 0.0000e+00
1270.1 1.4385e-03
1271.1 0.0000e+00
1272.1 2.0225e-03
1273.1 0.0000e+00
1274.1 4.7506e-03
1275.1 7.7760e-04
1276.1 3.4432e-03
1277.1 1.3453e-03
1278.1 2.2996e-02
1279.1 1.3576e-02
1280.1 1.2182e-02
1281.1 3.6767e-02
1282.1 0.0000e+00
1283.1 1.9920e-02
1284.1 8.9815e-03
1285.1 7.8172e-03
1286.1 3.9245e-02
1287.1 6.5304e-04
1288.1 2.1686e-02
1289.1 1.4399e-02
1290.1 0.0000e+00
1291.1 6.4365e-03
1292.1 0.0000e+00
1293.1 6.0155e-03
1294.1 0.0000e+00
1295.1 1.6341e-02
1296.1 1.6915e-02
1297.1 3.6557e-03
1298.1 3.6056e-02
1299.1 4.2412e-03
1300.1 9.3048e-03
1301.1 1.5414e-02
1302.1 0.0000e+00
1303.1 3.8926e-02
1304.1 5.1121e-03
1305.1 1.4402e-02
1306.1 2.0249e-02
1307.1 0.0000e+00
1308.1 4.1014e-03
1309.1 0.0000e+00
1310.1 2.0152e-03
1311.1 6.1100e-04
1312.1 1.2585e-03
1313.1 0.0000e+00
1314.1 1.8182e-03
1315.1 0.0000e+00
1316.1 1.5851e-03
1317.1 0.0000e+00
1318.1 8.7632e-04
1319.1 0.0000e+00
1320.1 7.6925e-04
1321.1 0.0000e+00
1322.1 1.0464e-03
1323.1 0.0000e+00
1324.1 9.0756e-04
1325.1 0.0000e+00
1326.1 5.4238e-04
1327.1 0.0000e+00
1328.1 5.0943e-04
1329.1 0.0000e+00
1330.1 5.9423e-04
1331.1 0.0000e+00
1332.1 4.8389e-04
1333.1 0.0000e+00
1334.1 4.5680e-04
1335.1 0.0000e+00
1336.1 4.6118e-04
1337.1 0.0000e+00
1338.1 4.6192e-04
1339.1 0.0000e+00
1340.1 5.0431e-04
1341.1 0.0000e+00
1342.1 4.4859e-04
1343.1 0.0000e+00
1344.1 4.2807e-04
1345.1 0.0000e+00
1346.1 5.0402e-04
1347.1 0.0000e+00
1348.1 4.3085e-04
1349.1 0.0000e+00
1350.1 4.0503e-04
1351.1 0.0000e+00
1352.1 3.9532e-04
1353.1 0.0000e+00
1354.1 4.2271e-04
1355.1 2.8968e-04
1356.1 1.3257e-03
1357.1 0.0000e+00
1358.1 3.2821e-03
1359.1 1.1693e-03
1360.1 1.2469e-03
1361.1 7.4036e-04
1362.1 9.9056e-04
1363.1 3.3407e-03
1364.1 5.7634e-04
1365.1 0.0000e+00
1366.1 3.2758e-04
1367.1 2.0313e-04
1368.1 4.4142e-04
1369.1 9.8981e-06
1370.1 3.8960e-04
1371.1 0.0000e+00
1372.1 3.7350e-04
1373.1 0.0000e+00
1374.1 5.1715e-04
1375.1 0.0000e+00
1376.1 3.9216e-04
1377.1 0.0000e+00
1378.1 3.3746e-04
1379.1 0.0000e+00
1380.1 3.0261e-04
1381.1 0.0000e+00
1382.1 3.0602e-04
1383.1 0.0000e+00
1384.1 3.1717e-04
1385.1 0.0000e+00
1386.1 3.5474e-04
1387.1 0.0000e+00
1388.1 3.6365e-04
1389.1 0.0000e+00
1390.1 3.9287e-04
1391.1 0.0000e+00
1392.1 4.4129e-04
1393.1 0.0000e+00
1394.1 5.1754e-04
1395.1 0.0000e+00
1396.1 6.7131e-04
1397.1 0.0000e+00
1398.1 1.1187e-03
1399.1 0.0000e+00
1400.1 5.6626e-03
1401.1 5.7800e-03
1402.1 0.0000e+00
1403.1 2.8802e-03
1404.1 0.0000e+00
1405.1 8.7658e-03
1406.1 1.6405e-03
1407.1 0.0000e+00
1408.1 4.0363e-04
1409.1 0.0000e+00
1410.1 2.2210e-04
1411.1 0.0000e+00
1412.1 2.0175e-04
1413.1 0.0000e+00
1414.1 4.3623e-04
1415.1 4.8683e-05
1416.1 2.4046e-04
1417.1 1.9789e-04
1418.1 2.6768e-05
1419.1 1.7762e-04
1420.1 2.5082e-04
1421.1 0.0000e+00
1422.1 4.8879e-04
1423.1 0.0000e+00
1424.1 6.0370e-04
1425.1 1.5552e-04
1426.1 1.8719e-04
1427.1 1.0286e-05
1428.1 1.6555e-04
1429.1 2.3546e-04
1430.1 2.9645e-04
1431.1 0.0000e+00
1432.1 1.3389e-04
1433.1 4.6802e-05
1434.1 3.6383e-04
1435.1 0.0000e+00
1436.1 3.0217e-04
1437.1 0.0000e+00
1438.1 4.2799e-04
1439.1 0.0000e+00
1440.1 1.9007e-04
1441.1 0.0000e+00
1442.1 2.1719e-04
1443.1 0.0000e+00
1444.1 2.9811e-04
1445.1 0.0000e+00
1446.1 2.4336e-04
1447.1 8.6917e-05
1448.1 1.3031e-04
1449.1 7.6822e-04
1450.1 1.4209e-03
1451.1 2.7967e-04
1452.1 2.1850e-03
1453.1 2.2463e-04
1454.1 2.2151e-03
1455.1 8.1286e-04
1456.1 6.3377e-03
1457.1 1.6357e-02
1458.1 1.1782e-02
1459.1 5.5583e-03
1460.1 3.1670e-03
1461.1 1.0983e-02
1462.1 1.5813e-02
1463.1 9.7201e-03
1464.1 6.1891e-04
1465.1 1.0605e-03
1466.1 3.3548e-04
1467.1 8.6181e-04
1468.1 3.9308e-04
1469.1 3.1274e-04
1470.1 3.3820e-04
1471.1 6.2668e-04
1472.1 3.4928e-04
1473.1 5.7091e-05
1474.1 6.1625e-05
1475.1 9.2441e-05
1476.1 4.3464e-05
1477.1 6.0250e-05
1478.1 1.8181e-04
1479.1 1.0627e-04
1480.1 8.7749e-05
1481.1 6.7210e-05
1482.1 8.7438e-05
1483.1 1.1148e-04
1484.1 4.9897e-05
1485.1 2.7944e-04
1486.1 1.9601e-04
1487.1 4.7485e-05
1488.1 1.1489e-04
1489.1 7.9857e-05
1490.1 2.7019e-04
1491.1 6.6531e-05
1492.1 5.1377e-05
1493.1 1.7440e-05
1494.1 4.3926e-05
1495.1 6.9847e-06
1496.1 3.6115e-05
1497.1 1.2065e-05
1498.1 2.7310e-04
1499.1 9.3976e-05
1500.1 1.0202e-05
1501.1 6.6760e-05
1502.1 5.6005e-05
1503.1 3.3090e-04
1504.1 0.0000e+00
1505.1 4.1501e-05
1506.1 8.6999e-06
1507.1 6.5813e-05
1508.1 0.0000e+00
1509.1 5.6922e-05
1510.1 0.0000e+00
1511.1 1.7317e-04
1512.1 0.0000e+00
1513.1 1.4340e-04
1514.1 3.2576e-05
1515.1 5.2566e-05
1516.1 8.0735e-05
1517.1 2.1385e-05
1518.1 8.1725e-05
1519.1 1.1805e-04
1520.1 0.0000e+00
1521.1 1.7220e-04
1522.1 0.0000e+00
1523.1 7.0110e-05
1524.1 0.0000e+00
1525.1 6.6513e-05
1526.1 0.0000e+00
1527.1 7.2325e-05
1528.1 0.0000e+00
1529.1 7.4600e-05
1530.1 0.0000e+00
1531.1 7.8817e-05
1532.1 0.0000e+00
1533.1 2.1307e-04
1534.1 1.4031e-05
1535.1 5.7312e-05
1536.1 2.2072e-05
1537.1 4.1387e-05
1538.1 2.3261e-04
1539.1 1.5891e-04
1540.1 1.4578e-03
1541.1 2.8010e-03
1542.1 5.3729e-03
1543.1 9.4676e-04
1544.1 1.7174e-03
1545.1 5.9733e-03
1546.1 8.8937e-03
1547.1 8.9405e-03
1548.1 5.8017e-03
1549.1 3.5595e-03
1550.1 8.9356e-03
1551.1 2.9516e-03
1552.1 6.5283e-03
1553.1 2.8887e-03
1554.1 1.5926e-03
1555.1 1.9112e-03
1556.1 0.0000e+00
1557.1 6.5632e-04
1558.1 0.0000e+00
1559.1 3.6881e-04
1560.1 4.0882e-05
1561.1 4.7949e-04
1562.1 0.0000e+00
1563.1 4.0181e-04
1564.1 0.0000e+00
1565.1 3.9126e-04
1566.1 0.0000e+00
1567.1 4.3757e-04
1568.1 0.0000e+00
1569.1 4.1379e-04
1570.1 0.0000e+00
1571.1 4.5274e-04
1572.1 0.0000e+00
1573.1 4.4115e-04
1574.1 0.0000e+00
1575.1 5.8526e-04
1576.1 0.0000e+00
1577.1 6.5107e-04
1578.1 0.0000e+00
1579.1 5.9965e-04
1580.1 0.0000e+00
1581.1 7.5031e-04
1582.1 0.0000e+00
1583.1 5.5999e-04
1584.1 0.0000e+00
1585.1 6.0515e-04
1586.1 0.0000e+00
1587.1 6.4819e-04
1588.1 0.0000e+00
1589.1 6.8109e-04
1590.1 0.0000e+00
1591.1 7.2696e-04
1592.1 0.0000e+00
1593.1 8.5603e-04
1594.1 0.0000e+00
1595.1 1.1788e-03
1596.1 0.0000e+00
1597.1 1.1961e-03
1598.1 0.0000e+00
1599.1 1.1568e-03
1600.1 0.0000e+00
1601.1 1.1553e-03
1602.1 0.0000e+00
1603.1 1.3296e-03
1604.1 0.0000e+00
1605.1 1.4530e-03
1606.1 0.0000e+00
1607.1 1.5800e-03
1608.1 0.0000e+00
1609.1 2.4203e-03
1610.1 0.0000e+00
1611.1 2.5872e-03
1612.1 0.0000e+00
1613.1 2.0374e-03
1614.1 0.0000e+00
1615.1 2.4935e-03
1616.1 0.0000e+00
1617.1 3.9755e-03
1618.1 0.0000e+00
1619.1 4.9219e-03
1620.1 0.0000e+00
1621.1 6.0055e-03
1622.1 0.0000e+00
1623.1 1.0464e-02
1624.1 0.0000e+00
1625.1 6.5903e-02
1626.1 4.0828e-02
1627.1 3.9285e-02
1628.1 1.1053e-01
1629.1 0.0000e+00
1630.1 5.1538e-02
1631.1 2.7454e-02
1632.1 1.5369e-02
1633.1 1.0794e-01
1634.1 1.6841e-02
1635.1 7.1578e-02
1636.1 4.8084e-02
1637.1 0.0000e+00
1638.1 6.8159e-03
1639.1 0.0000e+00
1640.1 4.6772e-03
1641.1 0.0000e+00
1642.1 3.5140e-03
1643.1 0.0000e+00
1644.1 2.9106e-03
1645.1 0.0000e+00
1646.1 2.5310e-03
1647.1 0.0000e+00
1648.1 2.2544e-03
1649.1 0.0000e+00
1650.1 2.0436e-03
1651.1 0.0000e+00
1652.1 1.8741e-03
1653.1 0.0000e+00
1654.1 1.8085e-03
1655.1 0.0000e+00
1656.1 1.6703e-03
1657.1 0.0000e+00
1658.1 1.5997e-03
1659.1 0.0000e+00
1660.1 1.5594e-03
1661.1 0.0000e+00
1662.1 1.4546e-03
1663.1 0.0000e+00
1664.1 1.4468e-03
1665.1 0.0000e+00
1666.1 1.3659e-03
1667.1 0.0000e+00
1668.1 1.2888e-03
1669.1 0.0000e+00
1670.1 1.1455e-03
1671.1 0.0000e+00
1672.1 1.1522e-03
1673.1 0.0000e+00
1674.1 1.0903e-03
1675.1 0.0000e+00
1676.1 1.0382e-03
1677.1 0.0000e+00
1678.1 1.0189e-03
1679.1 0.0000e+00
1680.1 9.5785e-04
1681.1 0.0000e+00
1682.1 9.1163e-04
1683.1 0.0000e+00
1684.1 1.1897e-03
1685.1 0.0000e+00
1686.1 1.0449e-03
1687.1 0.0000e+00
1688.1 1.2770e-03
1689.1 0.0000e+00
1690.1 9.0988e-04
1691.1 0.0000e+00
1692.1 9.1776e-04
1693.1 0.0000e+00
1694.1 1.0010e-03
1695.1 0.0000e+00
1696.1 8.8342e-04
1697.1 0.0000e+00
1698.1 8.8111e-04
1699.1 0.0000e+00
1700.1 1.2775e-03
1701.1 0.0000e+00
1702.1 7.9909e-04
1703.1 4.7645e-05
1704.1 5.8677e-04
1705.1 4.3369e-04
1706.1 1.3256e-03
1707.1 0.0000e+00
1708.1 1.0756e-03
1709.1 0.0000e+00
1710.1 9.5856e-04
1711.1 0.0000e+00
1712.1 7.5545e-04
1713.1 0.0000e+00
1714.1 8.0635e-04
1715.1 0.0000e+00
1716.1 7.3914e-04
1717.1 0.0000e+00
1718.1 7.2227e-04
1719.1 0.0000e+00
1720.1 6.6365e-04
1721.1 0.0000e+00
1722.1 6.6166e-04
1723.1 0.0000e+00
1724.1 6.8574e-04
1725.1 0.0000e+00
1726.1 6.7210e-04
1727.1 0.0000e+00
1728.1 6.9380e-04
1729.1 0.0000e+00
1730.1 6.6939e-04
1731.2 0.0000e+00
1732.2 6.6557e-04
1733.2 0.0000e+00
1734.2 6.4427e-04
1735.2 0.0000e+00
1736.2 6.2080e-04
1737.2 0.0000e+00
1738.2 6.0179e-04
1739.2 0.0000e+00
1740.2 5.9259e-04
1741.2 0.0000e+00
1742.2 6.1485e-04
1743.2 0.0000e+00
1744.2 6.1930e-04
1745.2 0.0000e+00
1746.2 5.8088e-04
1747.2 0.0000e+00
1748.2 5.6694e-04
1749.2 0.0000e+00
1750.2 5.9915e-04
1751.2 0.0000e+00
1752.2 6.7429e-04
1753.2 0.0000e+00
1754.2 5.9674e-04
1755.2 0.0000e+00
1756.2 6.1145e-04
1757.2 0.0000e+00
1758.2 6.5150e-04
1759.2 0.0000e+00
1760.2 7.7136e-04
1761.2 0.0000e+00
1762.2 6.2229e-04
1763.2 0.0000e+00
1764.2 7.9964e-04
1765.2 0.0000e+00
1766.2 5.2622e-04
1767.2 0.0000e+00
1768.2 5.3876e-04
1769.2 0.0000e+00
1770.2 6.1644e-04
1771.2 0.0000e+00
1772.2 6.2484e-04
1773.2 0.0000e+00
1774.2 9.2029e-04
1775.2 0.0000e+00
1776.2 1.5106e-03
1777.2 6.4121e-05
1778.2 1.0960e-03
1779.2 4.9472e-04
1780.2 8.2172e-04
1781.2 5.6805e-04
1782.2 1.0651e-03
1783.2 5.4009e-05
1784.2 1.5158e-03
1785.2 0.0000e+00
1786.2 1.1807e-03
1787.2 0.0000e+00
1788.2 6.6993e-04
1789.2 0.0000e+00
1790.2 5.0122e-04
1791.2 0.0000e+00
1792.2 9.6941e-04
1793.2 0.0000e+00
1794.2 6.4282e-04
1795.2 0.0000e+00
1796.2 1.4279e-03
1797.2 0.0000e+00
1798.2 1.0238e-03
1799.2 0.0000e+00
1800.2 4.5444e-04
1801.2 1.8012e-04
1802.2 2.8037e-04
1803.2 2.2113e-04
1804.2 8.5989e-04
1805.2 0.0000e+00
1806.2 9.0021e-04
1807.2 0.0000e+00
1808.2 5.2236e-04
1809.2 0.0000e+00
1810.2 5.0677e-04
1811.2 0.0000e+00
1812.2 4.7676e-04
1813.2 0.0000e+00
1814.2 4.7188e-04
1815.2 0.0000e+00
1816.2 5.0616e-04
1817.2 0.0000e+00
1818.2 5.0825e-04
1819.2 0.0000e+00
1820.2 5.7330e-04
1821.2 0.0000e+00
1822.2 6.3557e-04
1823.2 0.0000e+00
1824.2 4.4308e-04
1825.2 0.0000e+00
1826.2 3.6546e-04
1827.2 0.0000e+00
1828.2 6.1272e-04
1829.2 0.0000e+00
1830.2 4.8381e-04
1831.2 0.0000e+00
1832.2 4.5390e-04
1833.2 0.0000e+00
1834.2 4.6677e-04
1835.2 0.0000e+00
1836.2 4.7950e-04
1837.2 0.0000e+00
1838.2 5.2009e-04
1839.2 0.0000e+00
1840.2 4.6881e-04
1841.2 0.0000e+00
1842.2 5.1137e-04
1843.2 0.0000e+00
1844.2 5.8463e-04
1845.2 2.6887e-05
1846.2 7.0972e-04
1847.2 7.2431e-05
1848.2 9.4670e-04
1849.2 0.0000e+00
1850.2 7.3977e-04
1851.2 0.0000e+00
1852.2 8.3426e-04
1853.2 1.2921e-04
1854.2 6.9998e-04
1855.2 0.0000e+00
1856.2 6.4686e-04
1857.2 0.0000e+00
1858.2 4.3395e-04
1859.2 0.0000e+00
1860.2 4.1055e-04
1861.2 0.0000e+00
1862.2 4.0279e-04
1863.2 0.0000e+00
1864.2 4.1888e-04
1865.2 0.0000e+00
1866.2 4.1187e-04
1867.2 0.0000e+00
1868.2 4.2595e-04
1869.2 0.0000e+00
1870.2 3.9646e-04
1871.2 0.0000e+00
1872.2 4.0015e-04
1873.2 0.0000e+00
1874.2 3.9288e-04
1875.2 0.0000e+00
1876.2 3.9532e-04
1877.2 0.0000e+00
1878.2 3.8131e-04
1879.2 0.0000e+00
1880.2 3.7470e-04
1881.2 0.0000e+00
1882.2 3.7140e-04
1883.2 0.0000e+00
1884.2 3.7302e-04
1885.2 0.0000e+00
1886.2 2.8948e-04
1887.2 8.6068e-05
1888.2 7.8373e-04
1889.2 0.0000e+00
1890.2 5.9673e-04
1891.2 0.0000e+00
1892.2 1.0597e-03
1893.2 0.0000e+00
1894.2 3.7197e-04
1895.2 0.0000e+00
1896.2 4.1503e-04
1897.2 0.0000e+00
1898.2 4.0264e-04
1899.2 0.0000e+00
1900.2 4.0256e-04
1901.2 0.0000e+00
1902.2 4.0239e-04
1903.2 0.0000e+00
1904.2 4.3375e-04
1905.2 0.0000e+00
1906.2 4.0027e-04
1907.2 0.0000e+00
1908.2 3.7651e-04
1909.2 0.0000e+00
1910.2 3.9224e-04
1911.2 0.0000e+00
1912.2 5.7183e-04
1913.2 0.0000e+00
1914.2 6.1208e-04
1915.2 0.0000e+00
1916.2 5.4880e-04
1917.2 0.0000e+00
1918.2 3.7321e-04
1919.2 0.0000e+00
1920.2 3.9014e-04
1921.2 0.0000e+00
1922.2 3.5230e-04
1923.2 0.0000e+00
1924.2 3.3940e-04
1925.2 0.0000e+00
1926.2 3.3687e-04
1927.2 0.0000e+00
1928.2 3.1815e-04
1929.2 0.0000e+00
1930.2 2.6142e-04
1931.2 6.2581e-04
1932.2 5.3550e-04
1933.2 0.0000e+00
1934.2 4.9076e-04
1935.2 0.0000e+00
1936.2 1.3201e-03
1937.2 0.0000e+00
1938.2 4.6580e-04
1939.2 0.0000e+00
1940.2 4.3500e-04
1941.2 0.0000e+00
1942.2 4.0818e-04
1943.2 0.0000e+00
1944.2 4.0173e-04
1945.2 0.0000e+00
1946.2 3.9663e-04
1947.2 0.0000e+00
1948.2 3.9012e-04
1949.2 0.0000e+00
1950.2 3.8457e-04
1951.2 0.0000e+00
1952.2 4.0748e-04
1953.2 0.0000e+00
1954.2 3.7993e-04
1955.2 0.0000e+00
1956.2 3.8509e-04
1957.2 0.0000e+00
1958.2 3.7738e-04
1959.2 0.0000e+00
1960.2 3.7440e-04
1961.2 0.0000e+00
1962.2 3.6829e-04
1963.2 0.0000e+00
1964.2 3.6598e-04
1965.2 0.0000e+00
1966.2 3.6465e-04
1967.2 0.0000e+00
1968.2 3.6284e-04
1969.2 0.0000e+00
1970.2 3.8877e-04
1971.2 0.0000e+00
1972.2 3.6895e-04
1973.2 0.0000e+00
1974.2 3.8752e-04
1975.2 0.0000e+00
1976.2 3.8666e-04
1977.2 0.0000e+00
1978.2 3.9531e-04
1979.2 0.0000e+00
1980.2 3.7768e-04
1981.2 0.0000e+00
1982.2 3.7804e-04
1983.2 0.0000e+00
1984.2 3.8829e-04
1985.2 0.0000e+00
1986.2 3.9696e-04
1987.2 0.0000e+00
1988.2 3.6596e-04
1989.2 0.0000e+00
1990.2 3.7443e-04
1991.2 0.0000e+00
1992.2 3.8401e-04
1993.2 0.0000e+00
1994.2 3.5347e-04
1995.2 0.0000e+00
1996.2 3.5603e-04
1997.2 0.0000e+00
1998.2 3.8039e-04
1999.2 0.0000e+00
2000.2 3.5184e-04
2001.2 0.0000e+00
2002.2 3.5356e-04
2003.2 0.0000e+00
2004.2 3.5034e-04
2005.2 0.0000e+00
2006.2 3.4799e-04
2007.2 0.0000e+00
2008.2 3.4711e-04
2009.2 0.0000e+00
2010.2 3.4721e-04
2011.2 0.0000e+00
2012.2 3.6224e-04
2013.2 0.0000e+00
2014.2 3.4316e-04
2015.2 0.0000e+00
2016.2 3.6527e-04
2017.2 0.0000e+00
2018.2 3.6977e-04
2019.2 0.0000e+00
2020.2 3.5800e-04
2021.2 0.0000e+00
2022.2 3.5947e-04
2023.2 0.0000e+00
2024.2 3.5246e-04
2025.2 0.0000e+00
2026.2 3.5799e-04
2027.2 0.0000e+00
2028.2 3.4858e-04
2029.2 0.0000e+00
2030.2 3.4676e-04
2031.2 0.0000e+00
2032.2 3.4200e-04
2033.2 0.0000e+00
2034.2 3.4780e-04
2035.2 0.0000e+00
2036.2 3.3132e-04
2037.2 0.0000e+00
2038.2 3.3363e-04
2039.2 0.0000e+00
2040.2 3.7140e-04
2041.2 0.0000e+00
2042.2 3.4308e-04
2043.2 0.0000e+00
2044.2 3.4194e-04
2045.2 0.0000e+00
2046.2 3.4649e-04
2047.2 0.0000e+00
2048.2 3.6644e-04
2049.2 0.0000e+00
2050.2 3.5620e-04
2051.2 0.0000e+00
2052.2 3.5240e-04
2053.2 0.0000e+00
2054.2 3.6756e-04
2055.2 0.0000e+00
2056.2 3.2832e-04
2057.2 0.0000e+00
2058.2 3.8622e-04
2059.2 0.0000e+00
2060.2 3.4197e-04
2061.2 0.0000e+00
2062.2 3.3942e-04
2063.2 0.0000e+00
2064.2 3.3702e-04
2065.2 0.0000e+00
2066.2 3.4641e-04
2067.2 0.0000e+00
2068.2 3.4320e-04
2069.2 0.0000e+00
2070.2 3.4514e-04
2071.2 0.0000e+00
2072.2 3.3970e-04
2073.2 0.0000e+00
2074.2 3.5609e-04
2075.2 0.0000e+00
2076.2 3.3667e-04
2077.2 0.0000e+00
2078.2 3.3728e-04
2079.2 0.0000e+00
2080.2 3.2631e-04
2081.2 0.0000e+00
2082.2 3.2377e-04
2083.2 0.0000e+00
2084.2 3.2574e-04
2085.2 0.0000e+00
2086.2 3.2578e-04
2087.2 0.0000e+00
2088.2 3.2514e-04
2089.2 0.0000e+00
2090.2 3.4181e-04
2091.2 0.0000e+00
2092.2 3.5549e-04
2093.2 0.0000e+00
2094.2 3.4964e-04
2095.2 0.0000e+00
2096.2 3.1962e-04
2097.2 0.0000e+00
2098.2 3.6249e-04
2099.2 0.0000e+00
2100.2 3.7370e-04
2101.2 0.0000e+00
2102.2 3.9375e-04
2103.2 0.0000e+00
2104.2 3.3973e-04
2105.2 0.0000e+00
2106.2 3.2459e-04
2107.2 0.0000e+00
2108.2 3.3186e-04
2109.2 0.0000e+00
2110.2 3.4965e-04
2111.2 0.0000e+00
2112.2 3.4717e-04
2113.2 0.0000e+00
2114.2 3.3521e-04
2115.2 0.0000e+00
2116.2 3.4024e-04
2117.2 0.0000e+00
2118.2 3.3688e-04
2119.2 0.0000e+00
2120.2 3.2214e-04
2121.2 0.0000e+00
2122.2 3.2732e-04
2123.2 0.0000e+00
2124.2 3.2071e-04
2125.2 0.0000e+00
2126.2 3.1980e-04
2127.2 0.0000e+00
2128.2 3.2008e-04
2129.2 0.0000e+00
2130.2 3.3553e-04
2131.2 0.0000e+00
2132.2 3.0103e-04
2133.2 0.0000e+00
2134.2 3.1532e-04
2135.2 0.0000e+00
2136.2 3.5623e-04
2137.2 0.0000e+00
2138.2 3.2660e-04
2139.2 0.0000e+00
2140.2 3.6341e-04
2141.2 0.0000e+00
2142.2 3.7608e-04
2143.2 0.0000e+00
2144.2 3.6415e-04
2145.2 0.0000e+00
2146.2 3.3490e-04
2147.2 0.0000e+00
2148.2 3.2984e-04
2149.2 0.0000e+00
2150.2 3.1813e-04
2151.2 0.0000e+00
2152.2 3.1637e-04
2153.2 0.0000e+00
2154.2 3.1366e-04
2155.2 0.0000e+00
2156.2 3.8402e-04
2157.2 0.0000e+00
2158.2 4.2400e-04
2159.2 0.0000e+00
2160.2 4.2499e-04
2161.2 0.0000e+00
2162.2 3.2305e-04
2163.2 0.0000e+00
2164.2 3.2633e-04
2165.2 0.0000e+00
2166.2 3.2591e-04
2167.2 0.0000e+00
2168.2 3.5348e-04
2169.2 0.0000e+00
2170.2 3.6366e-04
2171.2 0.0000e+00
2172.2 3.4186e-04
2173.2 0.0000e+00
2174.2 3.3155e-04
2175.2 0.0000e+00
2176.2 3.4704e-04
2177.2 0.0000e+00
2178.2 3.3632e-04
2179.2 0.0000e+00
2180.2 3.6416e-04
2181.2 0.0000e+00
2182.2 3.4603e-04
2183.2 0.0000e+00
2184.2 3.6165e-04
2185.2 0.0000e+00
2186.2 3.3690e-04
2187.2 0.0000e+00
2188.2 3.4031e-04
2189.2 0.0000e+00
2190.2 3.4141e-04
2191.2 0.0000e+00
2192.2 3.1430e-04
2193.2 0.0000e+00
2194.2 3.1678e-04
2195.2 0.0000e+00
2196.2 3.2641e-04
2197.2 0.0000e+00
2198.2 3.6021e-04
2199.2 0.0000e+00
2200.2 3.0939e-04
2201.2 0.0000e+00
2202.2 3.1291e-04
2203.2 0.0000e+00
2204.2 3.0698e-04
2205.2 0.0000e+00
2206.2 3.0523e-04
2207.2 0.0000e+00
2208.2 3.0560e-04
2209.2 0.0000e+00
2210.2 3.0992e-04
2211.2 0.0000e+00
2212.2 3.1965e-04
2213.2 0.0000e+00
2214.2 3.2556e-04
2215.2 0.0000e+00
2216.2 3.8317e-04
2217.2 0.0000e+00
2218.2 3.1994e-04
2219.2 0.0000e+00
2220.2 3.3147e-04
2221.2 0.0000e+00
2222.2 2.9363e-04
2223.2 0.0000e+00
2224.2 3.0400e-04
2225.2 0.0000e+00
2226.2 3.0281e-04
2227.2 0.0000e+00
2228.2 2.9862e-04
2229.2 0.0000e+00
2230.2 2.9767e-04
2231.2 0.0000e+00
2232.2 3.0306e-04
2233.2 0.0000e+00
2234.2 3.0073e-04
2235.2 0.0000e+00
2236.2 3.0440e-04
2237.2 0.0000e+00
2238.2 3.0446e-04
2239.2 0.0000e+00
2240.2 3.0449e-04
2241.2 0.0000e+00
2242.2 3.0385e-04
2243.2 0.0000e+00
2244.2 3.0751e-04
2245.2 0.0000e+00
2246.2 3.0216e-04
2247.2 0.0000e+00
2248.2 2.9783e-04
2249.2 0.0000e+00
2250.2 2.9589e-04
2251.2 0.0000e+00
2252.2 2.9663e-04
2253.2 0.0000e+00
2254.2 3.1356e-04
2255.2 0.0000e+00
2256.2 3.0263e-04
2257.2 0.0000e+00
2258.2 3.0674e-04
2259.2 0.0000e+00
2260.2 3.1023e-04
2261.2 0.0000e+00
2262.2 3.2754e-04
2263.2 0.0000e+00
2264.2 3.0945e-04
2265.2 0.0000e+00
2266.2 2.9886e-04
2267.2 0.0000e+00
2268.2 3.0351e-04
2269.2 0.0000e+00
2270.2 3.1543e-04
2271.2 0.0000e+00
2272.2 3.2403e-04
2273.2 0.0000e+00
2274.2 2.8698e-04
2275.2 0.0000e+00
2276.2 3.1520e-04
2277.2 0.0000e+00
2278.2 3.5719e-04
2279.2 0.0000e+00
2280.2 4.0208e-04
2281.2 0.0000e+00
2282.2 3.1297e-04
2283.2 0.0000e+00
2284.2 2.7685e-04
2285.2 0.0000e+00
2286.2 2.8789e-04
2287.2 0.0000e+00
2288.2 2.9151e-04
2289.2 0.0000e+00
2290.2 2.9519e-04
2291.2 0.0000e+00
2292.2 2.9825e-04
2293.2 0.0000e+00
2294.2 3.0065e-04
2295.2 0.0000e+00
2296.2 3.0179e-04
2297.2 0.0000e+00
2298.2 3.0007e-04
2299.2 0.0000e+00
2300.2 2.9338e-04
2301.2 0.0000e+00
2302.2 2.9740e-04
2303.2 0.0000e+00
2304.2 2.9507e-04
2305.2 0.0000e+00
2306.2 2.8539e-04
2307.2 0.0000e+00
2308.2 3.0451e-04
2309.2 0.0000e+00
2310.2 2.9875e-04
2311.2 0.0000e+00
2312.2 3.3242e-04
2313.2 0.0000e+00
2314.2 2.9432e-04
2315.2 0.0000e+00
2316.2 2.9068e-04
2317.2 0.0000e+00
2318.2 2.8914e-04
2319.2 0.0000e+00
2320.2 2.8988e-04
2321.2 0.0000e+00
2322.2 2.8918e-04
2323.2 0.0000e+00
2324.2 2.8793e-04
2325.2 0.0000e+00
2326.2 2.8552e-04
2327.2 0.0000e+00
2328.2 2.8917e-04
2329.2 0.0000e+00
2330.2 2.9147e-04
2331.2 0.0000e+00
2332.2 3.1682e-04
2333.2 0.0000e+00
2334.2 3.4488e-04
2335.2 0.0000e+00
2336.2 3.4341e-04
2337.2 0.0000e+00
2338.2 3.1423e-04
2339.2 0.0000e+00
2340.2 2.8952e-04
2341.2 0.0000e+00
2342.2 3.0136e-04
2343.2 0.0000e+00
2344.2 3.0605e-04
2345.2 0.0000e+00
2346.2 3.1490e-04
2347.2 3.2954e-04
2348.2 2.4818e-04
2349.2 0.0000e+00
2350.2 2.3047e-04
2351.2 0.0000e+00
2352.2 7.5809e-04
2353.2 0.0000e+00
2354.2 3.6531e-04
2355.2 0.0000e+00
2356.2 3.3192e-04
2357.2 0.0000e+00
2358.2 3.1572e-04
2359.2 0.0000e+00
2360.2 3.0779e-04
2361.2 0.0000e+00
2362.2 3.0631e-04
2363.2 0.0000e+00
2364.2 3.0934e-04
2365.2 0.0000e+00
2366.2 3.0230e-04
2367.2 0.0000e+00
2368.2 3.0268e-04
2369.2 0.0000e+00
2370.2 2.9754e-04
2371.2 0.0000e+00
2372.2 2.9723e-04
2373.2 0.0000e+00
2374.2 2.9691e-04
2375.2 0.0000e+00
2376.2 2.9938e-04
2377.2 0.0000e+00
2378.2 3.0045e-04
2379.2 0.0000e+00
2380.2 2.9866e-04
2381.2 0.0000e+00
2382.2 2.9991e-04
2383.2 0.0000e+00
2384.2 2.9653e-04
2385.2 0.0000e+00
2386.2 3.0379e-04
2387.2 0.0000e+00
2388.2 2.9759e-04
2389.2 0.0000e+00
2390.2 2.9564e-04
2391.2 0.0000e+00
2392.2 3.0436e-04
2393.2 0.0000e+00
2394.2 2.9539e-04
2395.2 0.0000e+00
2396.2 2.9801e-04
2397.2 0.0000e+00
2398.2 3.0983e-04
2399.2 0.0000e+00
2400.2 3.0767e-04
2401.2 0.0000e+00
2402.2 3.0542e-04
2403.2 0.0000e+00
2404.2 3.0673e-04
2405.2 0.0000e+00
2406.2 3.1135e-04
2407.2 0.0000e+00
2408.2 3.1183e-04
2409.2 0.0000e+00
2410.2 3.4971e-04
2411.2 0.0000e+00
2412.2 4.1088e-04
2413.2 0.0000e+00
2414.2 2.8498e-04
2415.2 0.0000e+00
2416.2 2.7893e-04
2417.2 0.0000e+00
2418.2 3.6251e-04
2419.2 0.0000e+00
2420.2 4.3958e-04
2421.2 0.0000e+00
2422.2 3.1544e-04
2423.2 0.0000e+00
2424.2 3.3980e-04
2425.2 0.0000e+00
2426.2 3.0022e-04
2427.2 0.0000e+00
2428.2 2.9626e-04
2429.2 0.0000e+00
2430.2 3.0254e-04
2431.2 0.0000e+00
2432.2 2.9405e-04
2433.2 0.0000e+00
2434.2 3.0003e-04
2435.2 0.0000e+00
2436.2 3.0414e-04
2437.2 0.0000e+00
2438.2 2.9545e-04
2439.2 0.0000e+00
2440.2 2.9126e-04
2441.2 0.0000e+00
2442.2 3.0483e-04
2443.2 0.0000e+00
2444.2 2.9869e-04
2445.2 0.0000e+00
2446.2 3.1903e-04
2447.2 0.0000e+00
2448.2 3.1722e-04
2449.2 0.0000e+00
2450.2 3.2648e-04
2451.2 0.0000e+00
2452.2 3.0874e-04
2453.2 0.0000e+00
2454.2 3.3139e-04
2455.2 0.0000e+00
2456.2 3.1544e-04
2457.2 0.0000e+00
2458.2 3.1859e-04
2459.2 0.0000e+00
2460.2 3.7089e-04
2461.2 0.0000e+00
2462.2 3.2648e-04
2463.2 0.0000e+00
2464.2 4.7309e-04
2465.2 0.0000e+00
2466.2 3.4961e-04
2467.2 0.0000e+00
2468.2 3.6606e-04
2469.2 0.0000e+00
2470.2 2.5821e-04
2471.2 0.0000e+00
2472.2 2.3596e-04
2473.2 0.0000e+00
2474.2 4.3026e-04
2475.2 0.0000e+00
2476.2 3.6704e-04
2477.2 0.0000e+00
2478.2 5.7088e-04
2479.2 0.0000e+00
2480.2 2.9825e-04
2481.2 0.0000e+00
2482.2 3.0224e-04
2483.2 0.0000e+00
2484.2 3.4526e-04
2485.2 0.0000e+00
2486.2 2.9971e-04
2487.2 0.0000e+00
2488.2 3.0886e-04
2489.2 0.0000e+00
2490.2 3.1438e-04
2491.2 0.0000e+00
2492.2 2.9440e-04
2493.2 0.0000e+00
2494.2 2.9958e-04
2495.2 0.0000e+00
2496.2 2.9604e-04
2497.2 0.0000e+00
2498.2 2.9489e-04
2499.2 0.0000e+00
2500.2 2.9483e-04
2501.2 0.0000e+00
2502.2 2.9095e-04
2503.2 0.0000e+00
2504.2 2.9092e-04
2505.2 0.0000e+00
2506.2 2.9016e-04
2507.2 0.0000e+00
2508.2 2.9192e-04
2509.2 0.0000e+00
2510.2 2.9007e-04
2511.2 0.0000e+00
2512.2 3.0492e-04
2513.2 0.0000e+00
2514.2 2.9924e-04
2515.2 0.0000e+00
2516.2 3.5108e-04
2517.2 0.0000e+00
2518.2 2.9804e-04
2519.2 0.0000e+00
2520.2 2.9287e-04
2521.2 0.0000e+00
2522.2 2.8795e-04
2523.2 0.0000e+00
2524.2 3.0004e-04
2525.2 0.0000e+00
2526.2 3.0542e-04
2527.2 0.0000e+00
2528.2 3.0633e-04
2529.2 0.0000e+00
2530.2 3.3639e-04
2531.2 0.0000e+00
2532.2 3.0151e-04
2533.2 0.0000e+00
2534.2 2.9977e-04
2535.2 0.0000e+00
2536.2 3.0045e-04
2537.2 0.0000e+00
2538.2 3.1558e-04
2539.2 0.0000e+00
2540.2 3.1702e-04
2541.2 0.0000e+00
2542.2 3.2215e-04
2543.2 0.0000e+00
2544.2 3.4944e-04
2545.2 0.0000e+00
2546.2 3.2447e-04
2547.2 0.0000e+00
2548.2 4.1274e-04
2549.2 0.0000e+00
2550.2 3.6939e-04
2551.2 0.0000e+00
2552.2 3.3579e-04
2553.2 0.0000e+00
2554.2 3.7381e-04
2555.2 0.0000e+00
2556.2 3.2112e-04
2557.2 0.0000e+00
2558.2 3.0612e-04
2559.2 0.0000e+00
2560.2 3.0254e-04
2561.2 0.0000e+00
2562.2 2.9714e-04
2563.2 0.0000e+00
2564.2 2.9637e-04
2565.2 0.0000e+00
2566.2 2.9647e-04
2567.2 0.0000e+00
2568.2 2.9499e-04
2569.2 0.0000e+00
2570.2 2.9515e-04
2571.2 0.0000e+00
2572.2 2.9770e-04
2573.2 0.0000e+00
2574.2 3.2113e-04
2575.2 0.0000e+00
2576.2 2.9640e-04
2577.2 0.0000e+00
2578.2 3.1566e-04
2579.2 0.0000e+00
2580.2 2.8951e-04
2581.2 0.0000e+00
2582.2 2.8674e-04
2583.2 0.0000e+00
2584.2 3.1182e-04
2585.2 0.0000e+00
2586.2 3.2068e-04
2587.2 0.0000e+00
2588.2 3.1352e-04
2589.2 0.0000e+00
2590.2 2.9413e-04
2591.2 0.0000e+00
2592.2 2.9504e-04
2593.2 0.0000e+00
2594.2 2.9351e-04
2595.2 0.0000e+00
2596.2 2.9865e-04
2597.2 0.0000e+00
2598.2 2.9626e-04
2599.2 0.0000e+00
2600.2 3.0300e-04
2601.2 0.0000e+00
2602.2 2.9880e-04
2603.2 0.0000e+00
2604.2 2.9748e-04
2605.2 0.0000e+00
2606.2 2.9696e-04
2607.2 0.0000e+00
2608.2 2.9555e-04
2609.2 0.0000e+00
2610.2 2.9478e-04
2611.2 0.0000e+00
2612.2 3.0642e-04
2613.2 0.0000e+00
2614.2 3.0488e-04
2615.2 0.0000e+00
2616.2 3.1767e-04
2617.2 0.0000e+00
2618.2 2.9791e-04
2619.2 0.0000e+00
2620.2 3.0274e-04
2621.2 0.0000e+00
2622.2 2.9647e-04
2623.2 0.0000e+00
2624.2 2.9846e-04
2625.2 0.0000e+00
2626.2 2.9697e-04
2627.2 0.0000e+00
2628.2 2.9874e-04
2629.2 0.0000e+00
2630.2 2.9919e-04
2631.2 0.0000e+00
2632.2 2.9963e-04
2633.2 0.0000e+00
2634.2 2.9940e-04
2635.2 0.0000e+00
2636.2 3.0049e-04
2637.2 0.0000e+00
2638.2 3.1718e-04
2639.2 0.0000e+00
2640.2 3.2130e-04
2641.2 0.0000e+00
2642.2 3.1048e-04
2643.2 0.0000e+00
2644.2 3.1760e-04
2645.2 0.0000e+00
2646.2 3.2156e-04
2647.2 0.0000e+00
2648.2 3.2484e-04
2649.2 0.0000e+00
2650.2 3.1077e-04
2651.2 0.0000e+00
2652.2 3.0309e-04
2653.2 0.0000e+00
2654.2 3.0699e-04
2655.2 0.0000e+00
2656.2 3.0724e-04
2657.2 0.0000e+00
2658.2 3.1748e-04
2659.2 0.0000e+00
2660.2 3.1001e-04
2661.2 0.0000e+00
2662.2 3.2081e-04
2663.2 0.0000e+00
2664.2 3.1325e-04
2665.2 0.0000e+00
2666.2 3.2189e-04
2667.2 0.0000e+00
2668.2 3.0496e-04
2669.2 0.0000e+00
2670.2 3.0682e-04
2671.2 0.0000e+00
2672.2 3.1344e-04
2673.2 0.0000e+00
2674.2 3.1663e-04
2675.2 0.0000e+00
2676.2 3.1151e-04
2677.2 0.0000e+00
2678.2 3.2130e-04
2679.2 0.0000e+00
2680.2 3.2207e-04
2681.2 0.0000e+00
2682.2 3.1863e-04
2683.2 0.0000e+00
2684.2 3.2813e-04
2685.2 0.0000e+00
2686.2 3.3778e-04
2687.2 0.0000e+00
2688.2 3.1968e-04
2689.2 0.0000e+00
2690.2 3.3171e-04
2691.2 0.0000e+00
2692.2 3.0592e-04
2693.2 0.0000e+00
2694.2 3.0544e-04
2695.2 0.0000e+00
2696.2 3.2557e-04
2697.2 0.0000e+00
2698.2 3.4097e-04
2699.2 0.0000e+00
2700.2 3.2022e-04
2701.2 0.0000e+00
2702.2 3.1989e-04
2703.2 0.0000e+00
2704.2 3.2196e-04
2705.2 0.0000e+00
2706.2 3.1942e-04
2707.2 0.0000e+00
2708.2 3.1650e-04
2709.2 0.0000e+00
2710.2 3.3894e-04
2711.2 0.0000e+00
2712.2 3.2450e-04
2713.2 0.0000e+00
2714.2 3.6238e-04
2715.2 0.0000e+00
2716.2 3.4123e-04
2717.2 0.0000e+00
2718.2 3.3993e-04
2719.2 0.0000e+00
2720.2 3.4281e-04
2721.2 0.0000e+00
2722.2 3.6750e-04
2723.2 0.0000e+00
2724.2 3.4240e-04
2725.2 0.0000e+00
2726.2 4.1254e-04
2727.2 0.0000e+00
2728.2 3.5322e-04
2729.2 0.0000e+00
2730.2 3.3511e-04
2731.2 0.0000e+00
2732.2 3.4280e-04
2733.2 0.0000e+00
2734.2 3.1813e-04
2735.2 0.0000e+00
2736.2 3.2091e-04
2737.2 0.0000e+00
2738.2 3.2040e-04
2739.2 0.0000e+00
2740.2 3.1948e-04
2741.2 0.0000e+00
2742.2 3.1997e-04
2743.2 0.0000e+00
2744.2 3.2098e-04
2745.2 0.0000e+00
2746.2 3.2205e-04
2747.2 0.0000e+00
2748.2 3.2456e-04
2749.2 0.0000e+00
2750.2 3.3116e-04
2751.2 0.0000e+00
2752.2 3.2843e-04
2753.2 0.0000e+00
2754.2 3.4127e-04
2755.2 0.0000e+00
2756.2 3.4340e-04
2757.2 0.0000e+00
2758.2 3.5413e-04
2759.2 0.0000e+00
2760.2 3.3691e-04
2761.2 0.0000e+00
2762.2 3.3510e-04
2763.2 0.0000e+00
2764.2 3.4205e-04
2765.2 0.0000e+00
2766.2 3.3402e-04
2767.2 0.0000e+00
2768.2 3.3355e-04
2769.2 0.0000e+00
2770.2 3.2991e-04
2771.2 0.0000e+00
2772.2 3.3157e-04
2773.2 0.0000e+00
2774.2 3.3219e-04
2775.2 0.0000e+00
2776.2 3.3304e-04
2777.2 0.0000e+00
2778.2 3.3344e-04
2779.2 0.0000e+00
2780.2 3.3666e-04
2781.2 0.0000e+00
2782.2 3.3651e-04
2783.2 0.0000e+00
2784.2 3.3821e-04
2785.2 0.0000e+00
2786.2 3.3666e-04
2787.2 0.0000e+00
2788.2 3.4009e-04
2789.2 0.0000e+00
2790.2 3.3913e-04
2791.2 0.0000e+00
2792.2 3.4396e-04
2793.2 0.0000e+00
2794.2 3.5148e-04
2795.2 0.0000e+00
2796.2 3.4462e-04
2797.2 0.0000e+00
2798.2 3.6111e-04
2799.2 0.0000e+00
2800.2 3.5699e-04
2801.2 0.0000e+00
2802.2 3.5746e-04
2803.2 0.0000e+00
2804.2 3.8067e-04
2805.2 0.0000e+00
2806.2 3.9606e-04
2807.2 0.0000e+00
2808.2 4.0174e-04
2809.2 0.0000e+00
2810.2 3.9919e-04
2811.2 0.0000e+00
2812.2 3.7101e-04
2813.2 0.0000e+00
2814.2 3.5283e-04
2815.2 0.0000e+00
2816.2 3.8323e-04
2817.2 0.0000e+00
2818.2 4.1510e-04
2819.2 0.0000e+00
2820.2 3.8977e-04
2821.2 0.0000e+00
2822.2 3.5301e-04
2823.2 0.0000e+00
2824.2 3.6048e-04
2825.2 0.0000e+00
2826.2 3.5871e-04
2827.2 0.0000e+00
2828.2 3.5942e-04
2829.2 0.0000e+00
2830.2 3.6092e-04
2831.2 0.0000e+00
2832.2 3.6243e-04
2833.2 0.0000e+00
2834.2 3.6077e-04
2835.2 0.0000e+00
2836.2 5.2768e-04
2837.2 0.0000e+00
2838.2 4.0269e-04
2839.2 0.0000e+00
2840.2 4.8656e-04
2841.2 0.0000e+00
2842.2 3.6521e-04
2843.2 0.0000e+00
2844.2 3.6928e-04
2845.2 0.0000e+00
2846.2 3.7836e-04
2847.2 0.0000e+00
2848.2 3.8415e-04
2849.2 0.0000e+00
2850.2 4.1163e-04
2851.2 0.0000e+00
2852.2 4.1685e-04
2853.2 0.0000e+00
2854.2 4.0496e-04
2855.2 0.0000e+00
2856.2 3.9910e-04
2857.2 0.0000e+00
2858.2 4.1489e-04
2859.2 0.0000e+00
2860.2 4.1527e-04
2861.2 0.0000e+00
2862.2 3.9430e-04
2863.2 0.0000e+00
2864.2 3.9472e-04
2865.2 0.0000e+00
2866.2 3.8793e-04
2867.2 0.0000e+00
2868.2 3.9014e-04
2869.2 0.0000e+00
2870.2 3.9183e-04
2871.2 0.0000e+00
2872.2 3.9390e-04
2873.2 0.0000e+00
2874.2 3.9463e-04
2875.2 0.0000e+00
2876.2 3.9901e-04
2877.2 0.0000e+00
2878.2 4.0259e-04
2879.2 0.0000e+00
2880.2 4.1612e-04
2881.2 0.0000e+00
2882.2 4.5920e-04
2883.2 0.0000e+00
2884.2 4.1685e-04
2885.3 0.0000e+00
2886.3 4.3269e-04
2887.3 0.0000e+00
2888.3 4.1814e-04
2889.3 0.0000e+00
2890.3 4.1533e-04
2891.3 0.0000e+00
2892.3 4.1217e-04
2893.3 0.0000e+00
2894.3 4.1632e-04
2895.3 0.0000e+00
2896.3 4.1929e-04
2897.3 0.0000e+00
2898.3 4.2493e-04
2899.3 0.0000e+00
2900.3 4.2200e-04
2901.3 0.0000e+00
2902.3 4.2998e-04
2903.3 0.0000e+00
2904.3 4.4020e-04
2905.3 0.0000e+00
2906.3 4.3818e-04
2907.3 0.0000e+00
2908.3 4.5933e-04
2909.3 0.0000e+00
2910.3 4.7704e-04
2911.3 0.0000e+00
2912.3 4.6729e-04
2913.3 0.0000e+00
2914.3 4.8905e-04
2915.3 0.0000e+00
2916.3 5.4184e-04
2917.3 0.0000e+00
2918.3 4.9557e-04
2919.3 0.0000e+00
2920.3 5.5156e-04
2921.3 0.0000e+00
2922.3 5.9492e-04
2923.3 0.0000e+00
2924.3 6.7911e-04
2925.3 0.0000e+00
2926.3 5.4162e-04
2927.3 0.0000e+00
2928.3 4.5684e-04
2929.3 0.0000e+00
2930.3 4.7849e-04
2931.3 0.0000e+00
2932.3 5.0210e-04
2933.3 0.0000e+00
2934.3 5.1811e-04
2935.3 0.0000e+00
2936.3 5.0236e-04
2937.3 0.0000e+00
2938.3 4.9648e-04
2939.3 0.0000e+00
2940.3 5.1803e-04
2941.3 0.0000e+00
2942.3 5.3623e-04
2943.3 0.0000e+00
2944.3 5.1938e-04
2945.3 0.0000e+00
2946.3 5.2085e-04
2947.3 0.0000e+00
2948.3 5.4164e-04
2949.3 0.0000e+00
2950.3 5.3998e-04
2951.3 0.0000e+00
2952.3 5.7520e-04
2953.3 0.0000e+00
2954.3 5.9323e-04
2955.3 0.0000e+00
2956.3 5.7224e-04
2957.3 0.0000e+00
2958.3 6.6612e-04
2959.3 0.0000e+00
2960.3 6.2841e-04
2961.3 0.0000e+00
2962.3 5.7433e-04
2963.3 0.0000e+00
2964.3 5.8074e-04
2965.3 0.0000e+00
2966.3 5.8703e-04
2967.3 0.0000e+00
2968.3 5.8191e-04
2969.3 0.0000e+00
2970.3 5.8460e-04
2971.3 0.0000e+00
2972.3 5.8927e-04
2973.3 0.0000e+00
2974.3 6.0155e-04
2975.3 0.0000e+00
2976.3 6.0978e-04
2977.3 0.0000e+00
2978.3 6.2188e-04
2979.3 0.0000e+00
2980.3 6.3110e-04
2981.3 0.0000e+00
2982.3 6.4189e-04
2983.3 0.0000e+00
2984.3 6.6162e-04
2985.3 0.0000e+00
2986.3 6.8964e-04
2987.3 0.0000e+00
2988.3 9.4199e-04
2989.3 0.0000e+00
2990.3 8.5451e-04
2991.3 0.0000e+00
2992.3 6.6917e-04
2993.3 0.0000e+00
2994.3 8.1118e-04
2995.3 0.0000e+00
2996.3 1.1683e-03
2997.3 0.0000e+00
2998.3 1.0246e-03
2999.3 0.0000e+00
3000.3 7.4363e-04
3001.3 0.0000e+00
3002.3 7.3996e-04
3003.3 0.0000e+00
3004.3 7.5484e-04
3005.3 0.0000e+00
3006.3 7.8232e-04
3007.3 0.0000e+00
3008.3 7.9804e-04
3009.3 0.0000e+00
3010.3 8.1121e-04
3011.3 0.0000e+00
3012.3 8.2731e-04
3013.3 0.0000e+00
3014.3 8.5694e-04
3015.3 0.0000e+00
3016.3 9.4041e-04
3017.3 0.0000e+00
3018.3 9.9025e-04
3019.3 0.0000e+00
3020.3 9.8852e-04
3021.3 0.0000e+00
3022.3 1.0594e-03
3023.3 0.0000e+00
3024.3 1.0598e-03
3025.3 0.0000e+00
3026.3 1.1545e-03
3027.3 0.0000e+00
3028.3 1.2137e-03
3029.3 0.0000e+00
3030.3 1.1872e-03
3031.3 0.0000e+00
3032.3 1.2649e-03
3033.3 0.0000e+00
3034.3 1.3534e-03
3035.3 0.0000e+00
3036.3 1.4626e-03
3037.3 0.0000e+00
3038.3 1.6406e-03
3039.3 0.0000e+00
3040.3 1.9423e-03
3041.3 0.0000e+00
3042.3 2.4569e-03
3043.3 0.0000e+00
3044.3 3.0132e-02
3045.3 1.4205e-03
3046.3 3.0305e-02
3047.3 2.4538e-02
3048.3 0.0000e+00
3049.3 2.3155e-02
3050.3 0.0000e+00
3051.3 2.0967e-02
3052.3 2.9860e-02
3053.3 3.7806e-03
3054.3 3.1600e-02
3055.3 7.9724e-03
3056.3 7.7859e-03
3057.3 3.3873e-05
3058.3 5.4267e-03
3059.3 5.8530e-04
3060.3 1.0141e-02
3061.3 3.5444e-04
3062.3 3.7520e-03
3063.3 5.5087e-04
3064.3 3.9180e-03
3065.3 0.0000e+00
3066.3 3.2805e-03
3067.3 0.0000e+00
3068.3 3.3491e-03
3069.3 0.0000e+00
3070.3 5.5038e-03
3071.3 0.0000e+00
3072.3 7.2542e-03
3073.3 8.4248e-03
3074.3 6.0474e-02
3075.3 5.3537e-03
3076.3 6.8422e-02
3077.3 4.4569e-02
3078.3 7.9523e-03
3079.3 4.5319e-02
3080.3 3.5519e-03
3081.3 4.9824e-02
3082.3 6.1000e-02
3083.3 3.9569e-03
3084.3 6.9441e-02
3085.3 0.0000e+00
3086.3 1.9672e-02
3087.3 0.0000e+00
3088.3 3.0579e-02
3089.3 0.0000e+00
3090.3 3.3834e-01
3091.3 3.3399e-01
3092.3 1.4535e-02
3093.3 1.0571e-01
3094.3 1.9240e-02
3095.3 4.6373e-01
3096.3 1.7136e-01
3097.3 7.2741e-03
3098.3 7.3135e-03
3099.3 1.4945e-03
3100.3 2.2998e-03
3101.3 1.9890e-03
3102.3 0.0000e+00
3103.3 2.4847e-03
3104.3 0.0000e+00
3105.3 2.1550e-03
3106.3 0.0000e+00
3107.3 1.9329e-03
3108.3 0.0000e+00
3109.3 1.7736e-03
3110.3 0.0000e+00
3111.3 1.6519e-03
3112.3 0.0000e+00
3113.3 1.5269e-03
3114.3 0.0000e+00
3115.3 1.3706e-03
3116.3 0.0000e+00
3117.3 1.2866e-03
3118.3 0.0000e+00
3119.3 1.2147e-03
3120.3 0.0000e+00
3121.3 1.1663e-03
3122.3 0.0000e+00
3123.3 1.1129e-03
3124.3 0.0000e+00
3125.3 1.0639e-03
3126.3 0.0000e+00
3127.3 1.0283e-03
3128.3 0.0000e+00
3129.3 1.0571e-03
3130.3 0.0000e+00
3131.3 9.2997e-04
3132.3 0.0000e+00
3133.3 8.0251e-04
3134.3 0.0000e+00
3135.3 7.5794e-04
3136.3 0.0000e+00
3137.3 7.3286e-04
3138.3 0.0000e+00
3139.3 7.1928e-04
3140.3 0.0000e+00
3141.3 7.1215e-04
3142.3 0.0000e+00
3143.3 7.2402e-04
3144.3 0.0000e+00
3145.3 7.1638e-04
3146.3 0.0000e+00
3147.3 7.2344e-04
3148.3 0.0000e+00
3149.3 7.5524e-04
3150.3 0.0000e+00
3151.3 6.6494e-04
3152.3 0.0000e+00
3153.3 5.7582e-04
3154.3 0.0000e+00
3155.3 5.4184e-04
3156.3 0.0000e+00
3157.3 6.6470e-04
3158.3 0.0000e+00
3159.3 5.8008e-04
3160.3 0.0000e+00
3161.3 4.5090e-04
3162.3 0.0000e+00
3163.3 4.2649e-04
3164.3 0.0000e+00
3165.3 4.1116e-04
3166.3 0.0000e+00
3167.3 3.9814e-04
3168.3 0.0000e+00
3169.3 3.8557e-04
3170.3 0.0000e+00
3171.3 3.7182e-04
3172.3 0.0000e+00
3173.3 3.5824e-04
3174.3 0.0000e+00
3175.3 3.4545e-04
3176.3 0.0000e+00
3177.3 3.3699e-04
3178.3 0.0000e+00
3179.3 3.2636e-04
3180.3 0.0000e+00
3181.3 3.2080e-04
3182.3 0.0000e+00
3183.3 3.2828e-04
3184.3 0.0000e+00
3185.3 3.2155e-04
3186.3 0.0000e+00
3187.3 3.0329e-04
3188.3 0.0000e+00
3189.3 2.9138e-04
3190.3 0.0000e+00
3191.3 2.9940e-04
3192.3 0.0000e+00
3193.3 2.8996e-04
3194.3 0.0000e+00
3195.3 2.6734e-04
3196.3 0.0000e+00
3197.3 2.5622e-04
3198.3 0.0000e+00
3199.3 2.4506e-04
3200.3 0.0000e+00
3201.3 2.3821e-04
3202.3 0.0000e+00
3203.3 2.9162e-04
3204.3 0.0000e+00
3205.3 2.6560e-04
3206.3 0.0000e+00
3207.3 2.1158e-04
3208.3 0.0000e+00
3209.3 2.1073e-04
3210.3 0.0000e+00
3211.3 2.5840e-04
3212.3 0.0000e+00
3213.3 2.6210e-04
3214.3 0.0000e+00
3215.3 1.9408e-04
3216.3 0.0000e+00
3217.3 1.8879e-04
3218.3 0.0000e+00
3219.3 1.8492e-04
3220.3 0.0000e+00
3221.3 1.7835e-04
3222.3 0.0000e+00
3223.3 1.8398e-04
3224.3 0.0000e+00
3225.3 1.7185e-04
3226.3 0.0000e+00
3227.3 2.7911e-04
3228.3 0.0000e+00
3229.3 1.9555e-04
3230.3 0.0000e+00
3231.3 2.4699e-04
3232.3 0.0000e+00
3233.3 1.6502e-04
3234.3 0.0000e+00
3235.3 1.6153e-04
3236.3 0.0000e+00
3237.3 1.4849e-04
3238.3 0.0000e+00
3239.3 1.4763e-04
3240.3 0.0000e+00
3241.3 1.3927e-04
3242.3 0.0000e+00
3243.3 1.3529e-04
3244.3 0.0000e+00
3245.3 1.2998e-04
3246.3 0.0000e+00
3247.3 1.2717e-04
3248.3 0.0000e+00
3249.3 1.2327e-04
3250.3 0.0000e+00
3251.3 1.2111e-04
3252.3 0.0000e+00
3253.3 1.1778e-04
3254.3 0.0000e+00
3255.3 1.1424e-04
3256.3 0.0000e+00
3257.3 1.1117e-04
3258.3 0.0000e+00
3259.3 1.0861e-04
3260.3 0.0000e+00
3261.3 1.0549e-04
3262.3 0.0000e+00
3263.3 1.0259e-04
3264.3 0.0000e+00
3265.3 1.0057e-04
3266.3 0.0000e+00
3267.3 9.7884e-05
3268.3 0.0000e+00
3269.3 9.4679e-05
3270.3 0.0000e+00
3271.3 9.2357e-05
3272.3 0.0000e+00
3273.3 8.9243e-05
3274.3 0.0000e+00
3275.3 8.7152e-05
3276.3 0.0000e+00
3277.3 8.4354e-05
3278.3 0.0000e+00
3279.3 8.2570e-05
3280.3 0.0000e+00
3281.3 8.0185e-05
3282.3 0.0000e+00
3283.3 7.8102e-05
3284.3 0.0000e+00
3285.3 7.6432e-05
3286.3 0.0000e+00
3287.3 7.4681e-05
3288.3 0.0000e+00
3289.3 7.8730e-05
3290.3 0.0000e+00
3291.3 8.8038e-05
3292.3 0.0000e+00
3293.3 8.1157e-05
3294.3 0.0000e+00
3295.3 7.1835e-05
3296.3 0.0000e+00
3297.3 6.8166e-05
3298.3 0.0000e+00
3299.3 7.0147e-05
3300.3 0.0000e+00
3301.3 6.6441e-05
3302.3 0.0000e+00
3303.3 8.5190e-05
3304.3 9.0167e-05
3305.3 6.3534e-05
3306.3 0.0000e+00
3307.3 4.8628e-05
3308.3 2.3341e-05
3309.3 1.6324e-04
3310.3 0.0000e+00
3311.3 6.2159e-05
3312.3 0.0000e+00
3313.3 5.4957e-05
3314.3 0.0000e+00
3315.3 5.1710e-05
3316.3 0.0000e+00
3317.3 5.0060e-05
3318.3 0.0000e+00
3319.3 4.7604e-05
3320.3 0.0000e+00
3321.3 4.5960e-05
3322.3 0.0000e+00
3323.3 4.3869e-05
3324.3 0.0000e+00
3325.3 4.2541e-05
3326.3 0.0000e+00
3327.3 5.0004e-05
3328.3 0.0000e+00
3329.3 4.3157e-05
3330.3 0.0000e+00
3331.3 3.9429e-05
3332.3 0.0000e+00
3333.3 3.8170e-05
3334.3 0.0000e+00
3335.3 4.0730e-05
3336.3 0.0000e+00
3337.3 4.1491e-05
3338.3 0.0000e+00
3339.3 3.2916e-05
3340.3 0.0000e+00
3341.3 3.2411e-05
3342.3 0.0000e+00
3343.3 2.9838e-05
3344.3 0.0000e+00
3345.3 2.8396e-05
3346.3 0.0000e+00
3347.3 2.6664e-05
3348.3 0.0000e+00
3349.3 2.5490e-05
3350.3 0.0000e+00
3351.3 2.6404e-05
3352.3 0.0000e+00
3353.3 2.4333e-05
3354.3 0.0000e+00
3355.3 2.2701e-05
3356.3 0.0000e+00
3357.3 2.1680e-05
3358.3 0.0000e+00
3359.3 1.9667e-05
3360.3 0.0000e+00
3361.3 1.8175e-05
3362.3 0.0000e+00
3363.3 1.7896e-05
3364.3 0.0000e+00
3365.3 1.6132e-05
3366.3 0.0000e+00
3367.3 1.5311e-05
3368.3 0.0000e+00
3369.3 1.4241e-05
3370.3 0.0000e+00
3371.3 1.3106e-05
3372.3 0.0000e+00
3373.3 1.1853e-05
3374.3 0.0000e+00
3375.3 1.1830e-05
3376.3 0.0000e+00
3377.3 1.0326e-05
3378.3 0.0000e+00
3379.3 8.7530e-06
3380.3 0.0000e+00
3381.3 8.4342e-06
3382.3 0.0000e+00
3383.3 6.5849e-06
3384.3 0.0000e+00
3385.3 6.0229e-06
3386.3 0.0000e+00
3387.3 5.5777e-06
3388.3 0.0000e+00
3389.3 4.0035e-06
3390.3 0.0000e+00
3391.3 3.3317e-06
3392.3 0.0000e+00
3393.3 2.5529e-06
3394.3 0.0000e+00
3395.3 1.5200e-06
3396.3 8.8980e-08
3397.3 1.1698e-06
3398.3 6.6060e-07
3399.3 0.0000e+00
3400.3 1.7115e-06
3401.3 0.0000e+00
3402.3 2.0766e-06
3403.3 0.0000e+00
3404.3 3.1068e-06
3405.3 0.0000e+00
3406.3 3.9385e-06
3407.3 0.0000e+00
3408.3 4.6929e-06
3409.3 0.0000e+00
3410.3 5.2539e-06
3411.3 0.0000e+00
3412.3 6.8854e-06
3413.3 0.0000e+00
3414.3 6.9656e-06
3415.3 0.0000e+00
3416.3 7.7929e-06
3417.3 0.0000e+00
3418.3 8.4480e-06
3419.3 0.0000e+00
3420.3 9.3158e-06
3421.3 0.0000e+00
3422.3 9.8880e-06
3423.3 0.0000e+00
3424.3 1.6394e-05
3425.3 0.0000e+00
3426.3 1.7832e-05
3427.3 0.0000e+00
3428.3 1.6862e-05
3429.3 0.0000e+00
3430.3 1.6774e-05
3431.3 0.0000e+00
3432.3 1.8110e-05
3433.3 0.0000e+00
3434.3 1.8748e-05
3435.3 0.0000e+00
3436.3 1.8363e-05
3437.3 3.1058e-06
3438.3 3.3220e-05
3439.3 0.0000e+00
3440.3 5.4682e-05
3441.3 0.0000e+00
3442.3 2.6507e-05
3443.3 0.0000e+00
3444.3 2.4900e-05
3445.3 1.1653e-06
3446.3 4.2321e-05
3447.3 0.0000e+00
3448.3 3.5943e-05
3449.3 0.0000e+00
3450.3 3.0969e-05
3451.3 0.0000e+00
3452.3 2.4985e-05
3453.3 0.0000e+00
3454.3 2.4008e-05
3455.3 0.0000e+00
3456.3 2.9269e-05
3457.3 0.0000e+00
3458.3 2.3944e-05
3459.3 0.0000e+00
3460.3 2.3084e-05
3461.3 0.0000e+00
3462.3 2.3046e-05
3463.3 0.0000e+00
3464.3 2.3544e-05
3465.3 0.0000e+00
3466.3 2.4916e-05
3467.3 0.0000e+00
3468.3 2.5474e-05
3469.3 0.0000e+00
3470.3 2.5606e-05
3471.3 0.0000e+00
3472.3 2.6315e-05
3473.3 0.0000e+00
3474.3 3.0966e-05
3475.3 0.0000e+00
3476.3 3.3883e-05
3477.3 0.0000e+00
3478.3 2.8332e-05
3479.3 0.0000e+00
3480.3 2.7560e-05
3481.3 0.0000e+00
3482.3 3.2768e-05
3483.3 0.0000e+00
3484.3 3.8835e-05
3485.3 0.0000e+00
3486.3 3.0775e-05
3487.3 0.0000e+00
3488.3 3.3478e-05
3489.3 0.0000e+00
3490.3 3.0928e-05
3491.3 0.0000e+00
3492.3 3.0999e-05
3493.3 0.0000e+00
3494.3 3.0739e-05
3495.3 0.0000e+00
3496.3 3.1767e-05
3497.3 0.0000e+00
3498.3 3.2081e-05
3499.3 0.0000e+00
3500.3 3.2303e-05
3501.3 0.0000e+00
3502.3 3.2620e-05
3503.3 0.0000e+00
3504.3 3.2853e-05
3505.3 0.0000e+00
3506.3 3.3478e-05
3507.3 0.0000e+00
3508.3 3.3758e-05
3509.3 0.0000e+00
3510.3 3.4540e-05
3511.3 0.0000e+00
3512.3 3.6077e-05
3513.3 0.0000e+00
3514.3 3.5507e-05
3515.3 0.0000e+00
3516.3 3.5623e-05
3517.3 0.0000e+00
3518.3 3.6331e-05
3519.3 0.0000e+00
3520.3 3.7886e-05
3521.3 0.0000e+00
3522.3 3.8582e-05
3523.3 0.0000e+00
3524.3 3.7768e-05
3525.3 0.0000e+00
3526.3 3.8089e-05
3527.3 0.0000e+00
3528.3 3.7916e-05
3529.3 0.0000e+00
3530.3 3.9266e-05
3531.3 0.0000e+00
3532.3 3.9203e-05
3533.3 0.0000e+00
3534.3 3.9584e-05
3535.3 0.0000e+00
3536.3 3.9620e-05
3537.3 0.0000e+00
3538.3 3.9908e-05
3539.3 0.0000e+00
3540.3 4.0274e-05
3541.3 0.0000e+00
3542.3 4.0341e-05
3543.3 0.0000e+00
3544.3 4.0755e-05
3545.3 0.0000e+00
3546.3 4.1569e-05
3547.3 0.0000e+00
3548.3 4.1771e-05
3549.3 0.0000e+00
3550.3 4.2172e-05
3551.3 0.0000e+00
3552.3 4.2254e-05
3553.3 0.0000e+00
3554.3 4.2961e-05
3555.3 0.0000e+00
3556.3 4.3003e-05
3557.3 0.0000e+00
3558.3 4.3506e-05
3559.3 0.0000e+00
3560.3 4.3950e-05
3561.3 0.0000e+00
3562.3 4.4630e-05
3563.3 0.0000e+00
3564.3 4.5942e-05
3565.3 0.0000e+00
3566.3 4.5271e-05
3567.3 0.0000e+00
3568.3 7.1265e-05
3569.3 0.0000e+00
3570.3 5.5699e-05
3571.3 0.0000e+00
3572.3 6.3958e-05
3573.3 0.0000e+00
3574.3 4.5232e-05
3575.3 0.0000e+00
3576.3 4.6129e-05
3577.3 0.0000e+00
3578.3 4.6561e-05
3579.3 0.0000e+00
3580.3 4.7113e-05
3581.3 0.0000e+00
3582.3 4.7683e-05
3583.3 0.0000e+00
3584.3 4.8876e-05
3585.3 0.0000e+00
3586.3 6.5217e-05
3587.3 0.0000e+00
3588.3 5.4712e-05
3589.3 0.0000e+00
3590.3 6.3556e-05
3591.3 0.0000e+00
3592.3 5.6634e-05
3593.3 0.0000e+00
3594.3 4.8439e-05
3595.3 0.0000e+00
3596.3 4.8795e-05
3597.3 0.0000e+00
3598.3 5.7105e-05
3599.3 0.0000e+00
3600.3 5.1899e-05
3601.3 0.0000e+00
3602.3 5.4385e-05
3603.3 0.0000e+00
3604.3 4.9546e-05
3605.3 0.0000e+00
3606.3 4.9146e-05
3607.3 0.0000e+00
3608.3 5.0280e-05
3609.3 0.0000e+00
3610.3 5.2607e-05
3611.3 0.0000e+00
3612.3 5.6645e-05
3613.3 0.0000e+00
3614.3 5.4483e-05
3615.3 0.0000e+00
3616.3 5.8274e-05
3617.3 0.0000e+00
3618.3 5.7134e-05
3619.3 0.0000e+00
3620.3 5.6880e-05
3621.3 0.0000e+00
3622.3 5.4430e-05
3623.3 0.0000e+00
3624.3 5.2944e-05
3625.3 0.0000e+00
3626.3 5.2580e-05
3627.3 0.0000e+00
3628.3 5.2970e-05
3629.3 0.0000e+00
3630.3 5.9177e-05
3631.3 0.0000e+00
3632.3 6.1441e-05
3633.3 0.0000e+00
3634.3 5.9618e-05
3635.3 0.0000e+00
3636.3 5.7211e-05
3637.3 0.0000e+00
3638.3 5.9366e-05
3639.3 0.0000e+00
3640.3 6.0682e-05
3641.3 0.0000e+00
3642.3 5.8194e-05
3643.3 0.0000e+00
3644.3 5.4782e-05
3645.3 0.0000e+00
3646.3 5.6081e-05
3647.3 0.0000e+00
3648.3 5.4993e-05
3649.3 0.0000e+00
3650.3 5.6310e-05
3651.3 0.0000e+00
3652.3 5.5900e-05
3653.3 0.0000e+00
3654.3 5.5636e-05
3655.3 0.0000e+00
3656.3 5.5657e-05
3657.3 0.0000e+00
3658.3 5.6970e-05
3659.3 0.0000e+00
3660.3 7.2630e-05
3661.3 0.0000e+00
3662.3 6.7780e-05
3663.3 0.0000e+00
3664.3 7.3770e-05
3665.3 0.0000e+00
3666.3 7.6717e-05
3667.3 0.0000e+00
3668.3 8.6964e-05
3669.3 0.0000e+00
3670.3 7.6193e-05
3671.3 0.0000e+00
3672.3 7.2588e-05
3673.3 0.0000e+00
3674.3 6.6294e-05
3675.3 0.0000e+00
3676.3 7.5623e-05
3677.3 0.0000e+00
3678.3 1.0079e-04
3679.3 0.0000e+00
3680.3 8.0621e-05
3681.3 6.3233e-06
3682.3 5.3299e-05
3683.3 0.0000e+00
3684.3 7.2204e-05
3685.3 0.0000e+00
3686.3 1.2622e-04
3687.3 0.0000e+00
3688.3 1.0180e-04
3689.3 0.0000e+00
3690.3 6.1833e-05
3691.3 0.0000e+00
3692.3 5.9477e-05
3693.3 0.0000e+00
3694.3 6.6510e-05
3695.3 0.0000e+00
3696.3 6.2365e-05
3697.3 0.0000e+00
3698.3 6.5868e-05
3699.3 0.0000e+00
3700.3 7.0488e-05
3701.3 0.0000e+00
3702.3 1.1270e-04
3703.3 2.2959e-05
3704.3 7.3761e-05
3705.3 4.6186e-06
3706.3 1.0118e-04
3707.3 1.4047e-05
3708.3 1.0132e-04
3709.3 0.0000e+00
3710.3 7.5430e-05
3711.3 0.0000e+00
3712.3 6.6149e-05
3713.3 0.0000e+00
3714.3 6.4476e-05
3715.3 0.0000e+00
3716.3 6.4145e-05
3717.3 0.0000e+00
3718.3 6.4068e-05
3719.3 0.0000e+00
3720.3 5.8050e-05
3721.3 0.0000e+00
3722.3 5.7806e-05
3723.3 0.0000e+00
3724.3 6.0437e-05
3725.3 0.0000e+00
3726.3 5.8341e-05
3727.3 6.1831e-05
3728.3 1.2450e-04
3729.3 0.0000e+00
3730.3 9.6732e-05
3731.3 0.0000e+00
3732.3 2.1092e-04
3733.3 0.0000e+00
3734.3 6.7341e-05
3735.3 0.0000e+00
3736.3 7.0373e-05
3737.3 0.0000e+00
3738.3 6.4836e-05
3739.3 0.0000e+00
3740.3 6.5121e-05
3741.3 0.0000e+00
3742.3 6.4922e-05
3743.3 0.0000e+00
3744.3 6.4970e-05
3745.3 0.0000e+00
3746.3 6.4836e-05
3747.3 0.0000e+00
3748.3 6.6409e-05
3749.3 0.0000e+00
3750.3 6.6217e-05
3751.3 0.0000e+00
3752.3 6.5181e-05
3753.3 0.0000e+00
3754.3 6.5810e-05
3755.3 0.0000e+00
3756.3 6.6982e-05
3757.3 0.0000e+00
3758.3 6.6060e-05
3759.3 0.0000e+00
3760.3 6.4987e-05
3761.3 0.0000e+00
3762.3 6.4922e-05
3763.3 0.0000e+00
3764.3 6.4477e-05
3765.3 0.0000e+00
3766.3 6.4616e-05
3767.3 0.0000e+00
3768.3 6.4856e-05
3769.3 0.0000e+00
3770.3 6.5044e-05
3771.3 0.0000e+00
3772.3 6.5212e-05
3773.3 0.0000e+00
3774.3 6.5158e-05
3775.3 0.0000e+00
3776.3 6.5595e-05
3777.3 0.0000e+00
3778.3 6.5605e-05
3779.3 0.0000e+00
3780.3 6.5577e-05
3781.3 0.0000e+00
3782.3 6.5908e-05
3783.3 0.0000e+00
3784.3 6.5969e-05
3785.3 0.0000e+00
3786.3 6.6186e-05
3787.3 0.0000e+00
3788.3 6.6548e-05
3789.3 0.0000e+00
3790.3 6.6148e-05
3791.3 0.0000e+00
3792.3 6.6664e-05
3793.3 0.0000e+00
3794.3 6.6673e-05
3795.3 0.0000e+00
3796.3 6.6829e-05
3797.3 0.0000e+00
3798.3 6.7827e-05
3799.3 0.0000e+00
